200	0	0	0	0	0
200	0	5	0	0	0
200	0	10	0	0	0
200	0	15	0	0	0
200	0	20	0	0	0
200	0	25	0	0	0
200	0	30	0	0	0
200	0	35	0	0	0
200	0	40	0	0	0
200	0	45	0	0	0
200	0	50	0	0	0
200	0	55	0	0	0
200	0	60	0	0	0
200	0	65	0	0	0
200	0	70	0	0	0
200	0	75	0	0	0
200	0	80	0	0	0
200	0	85	0	0	0
200	0	90	0	0	0
200	0	95	0	0	0
200	0	100	0	0	0
200	0	105	0	0	0
200	0	110	0	0	0
200	0	115	0	0	0
200	0	120	0	0	0
200	0	125	0	0	0
200	0	130	0	0	0
200	0	135	0	0	0
200	0	140	0	0	0
200	0	145	0	0	0
200	0	150	0	0	0
200	0	155	0	0	0
200	0	160	0	0	0
200	0	165	0	0	0
200	0	170	0	0	0
200	0	175	0	0	0
200	0	180	0	0	0
200	0	185	0	0	0
200	0	190	0	0	0
200	0	195	0	0	0
200	0	200	0	0	0
200	5	0	0	0	0
200	5	5	0	0	0
200	5	10	0	0	0
200	5	15	0	0	0
200	5	20	0	0	0
200	5	25	0	0	0
200	5	30	0	0	0
200	5	35	0	0	0
200	5	40	0	0	0
200	5	45	0	0	0
200	5	50	0	0	0
200	5	55	0	0	0
200	5	60	0	0	0
200	5	65	0	0	0
200	5	70	0	0	0
200	5	75	0	0	0
200	5	80	0	0	0
200	5	85	0	0	0
200	5	90	0	0	0
200	5	95	0	0	0
200	5	100	0	0	0
200	5	105	0	0	0
200	5	110	0	0	0
200	5	115	0	0	0
200	5	120	0	0	0
200	5	125	212.3	0	0
200	5	130	200.79	0	0
200	5	135	186.98	0	0
200	5	140	170.87	0	0
200	5	145	152.47	0	0
200	5	150	131.77	0	0
200	5	155	108.77	0	0
200	5	160	83.47	0	0
200	5	165	55.876	0	0
200	5	170	25.985	0	0
200	5	175	-6.2035	0	0
200	5	180	0	0	0
200	5	185	0	0	0
200	5	190	0	0	0
200	5	195	0	0	0
200	5	200	0	0	0
200	10	0	0	0	0
200	10	5	36.061	0	0
200	10	10	64.683	0	0
200	10	15	91.534	0	0
200	10	20	108.9	0	0
200	10	25	130.75	0	0
200	10	30	142.62	0	0
200	10	35	169.82	0	0
200	10	40	189.2	0	0
200	10	45	188.86	0	0
200	10	50	185.59	0	0
200	10	55	186.95	0	0
200	10	60	191.84	0	0
200	10	65	194.98	0	0
200	10	70	196.89	0	0
200	10	75	196.37	0	0
200	10	80	189.9	0	0
200	10	85	198.36	0	0
200	10	90	208.64	0	0
200	10	95	222.31	0	0
200	10	100	245.9	0	0
200	10	105	271.25	0	0
200	10	110	284.84	0	0
200	10	115	290.82	0	0
200	10	120	269.81	0	0
200	10	125	258.74	0	0
200	10	130	247.28	0	0
200	10	135	233.52	0	0
200	10	140	217.46	0	0
200	10	145	199.11	0	0
200	10	150	178.45	0	0
200	10	155	155.5	0	0
200	10	160	130.26	0	0
200	10	165	102.71	0	0
200	10	170	72.868	0	0
200	10	175	40.728	0	0
200	10	180	177.53	0	0
200	10	185	104.3	0	0
200	10	190	64.812	0	0
200	10	195	36.061	0	0
200	10	200	0	0	0
200	15	0	0	0	0
200	15	5	40.183	0	0
200	15	10	75.016	0	0
200	15	15	110.86	0	0
200	15	20	127.09	0	0
200	15	25	141.38	0	0
200	15	30	173.63	0	0
200	15	35	213.61	0	0
200	15	40	218.97	0	0
200	15	45	229.47	0	0
200	15	50	229.76	0	0
200	15	55	232.61	0	0
200	15	60	236.81	0	0
200	15	65	239.31	0	0
200	15	70	240.47	0	0
200	15	75	241.15	0	0
200	15	80	240.75	0	0
200	15	85	245.07	0	0
200	15	90	256.55	0	0
200	15	95	272.11	0	0
200	15	100	290.73	0	0
200	15	105	305.08	0	0
200	15	110	295.37	0	0
200	15	115	304.45	0	0
200	15	120	337.57	0	0
200	15	125	302.65	0	0
200	15	130	291.24	0	0
200	15	135	277.53	0	0
200	15	140	261.52	0	0
200	15	145	243.21	0	0
200	15	150	222.61	0	0
200	15	155	199.7	0	0
200	15	160	174.5	0	0
200	15	165	147.01	0	0
200	15	170	117.21	0	0
200	15	175	85.123	0	0
200	15	180	233.59	0	0
200	15	185	119.14	0	0
200	15	190	75.016	0	0
200	15	195	40.183	0	0
200	15	200	0	0	0
200	20	0	0	0	0
200	20	5	42.868	0	0
200	20	10	81.295	0	0
200	20	15	127.18	0	0
200	20	20	149.8	0	0
200	20	25	165.55	0	0
200	20	30	209.78	0	0
200	20	35	213.11	0	0
200	20	40	258.22	0	0
200	20	45	268.29	0	0
200	20	50	274.36	0	0
200	20	55	278.33	0	0
200	20	60	280.22	0	0
200	20	65	282.46	0	0
200	20	70	283.67	0	0
200	20	75	287.84	0	0
200	20	80	290.33	0	0
200	20	85	290.97	0	0
200	20	90	297.17	0	0
200	20	95	315.28	0	0
200	20	100	328.13	0	0
200	20	105	332.17	0	0
200	20	110	305.36	0	0
200	20	115	331.28	0	0
200	20	120	387.38	0	0
200	20	125	344.02	0	0
200	20	130	332.66	0	0
200	20	135	319	0	0
200	20	140	303.03	0	0
200	20	145	284.78	0	0
200	20	150	264.22	0	0
200	20	155	241.37	0	0
200	20	160	216.22	0	0
200	20	165	188.77	0	0
200	20	170	159.02	0	0
200	20	175	126.98	0	0
200	20	180	222.79	0	0
200	20	185	130.11	0	0
200	20	190	81.295	0	0
200	20	195	42.868	0	0
200	20	200	0	0	0
200	25	0	0	0	0
200	25	5	43.929	0	0
200	25	10	82.995	0	0
200	25	15	133.92	0	0
200	25	20	175.5	0	0
200	25	25	190.4	0	0
200	25	30	215.63	0	0
200	25	35	226.1	0	0
200	25	40	270.56	0	0
200	25	45	300.9	0	0
200	25	50	316.93	0	0
200	25	55	325.26	0	0
200	25	60	323.81	0	0
200	25	65	326.05	0	0
200	25	70	328.54	0	0
200	25	75	336.36	0	0
200	25	80	335.8	0	0
200	25	85	334.89	0	0
200	25	90	335.63	0	0
200	25	95	345.13	0	0
200	25	100	355.61	0	0
200	25	105	356.86	0	0
200	25	110	345.05	0	0
200	25	115	331.92	0	0
200	25	120	379.41	0	0
200	25	125	382.86	0	0
200	25	130	371.54	0	0
200	25	135	357.93	0	0
200	25	140	342.01	0	0
200	25	145	323.8	0	0
200	25	150	303.3	0	0
200	25	155	280.49	0	0
200	25	160	255.39	0	0
200	25	165	227.99	0	0
200	25	170	198.29	0	0
200	25	175	166.3	0	0
200	25	180	187.39	0	0
200	25	185	138.19	0	0
200	25	190	82.995	0	0
200	25	195	43.929	0	0
200	25	200	0	0	0
200	30	0	0	0	0
200	30	5	45.209	0	0
200	30	10	79.839	0	0
200	30	15	125.5	0	0
200	30	20	176.59	0	0
200	30	25	218.78	0	0
200	30	30	248.92	0	0
200	30	35	257.03	0	0
200	30	40	287.33	0	0
200	30	45	327.79	0	0
200	30	50	352.85	0	0
200	30	55	369.15	0	0
200	30	60	369.37	0	0
200	30	65	368.21	0	0
200	30	70	372.32	0	0
200	30	75	382.92	0	0
200	30	80	378	0	0
200	30	85	376.85	0	0
200	30	90	376.79	0	0
200	30	95	373.88	0	0
200	30	100	377.85	0	0
200	30	105	375.63	0	0
200	30	110	366.85	0	0
200	30	115	330.09	0	0
200	30	120	375.85	0	0
200	30	125	419.16	0	0
200	30	130	407.89	0	0
200	30	135	394.32	0	0
200	30	140	378.46	0	0
200	30	145	360.3	0	0
200	30	150	339.84	0	0
200	30	155	317.08	0	0
200	30	160	292.03	0	0
200	30	165	264.68	0	0
200	30	170	235.03	0	0
200	30	175	203.08	0	0
200	30	180	173.79	0	0
200	30	185	125.45	0	0
200	30	190	79.839	0	0
200	30	195	45.209	0	0
200	30	200	0	0	0
200	35	0	0	0	0
200	35	5	73.498	0	0
200	35	10	110.74	0	0
200	35	15	141.17	0	0
200	35	20	182.42	0	0
200	35	25	238.52	0	0
200	35	30	274.84	0	0
200	35	35	296.06	0	0
200	35	40	315.68	0	0
200	35	45	353.23	0	0
200	35	50	380.35	0	0
200	35	55	399.75	0	0
200	35	60	415.35	0	0
200	35	65	411.39	0	0
200	35	70	416.99	0	0
200	35	75	424.74	0	0
200	35	80	419.01	0	0
200	35	85	418.3	0	0
200	35	90	416.91	0	0
200	35	95	403.08	0	0
200	35	100	396.08	0	0
200	35	105	390.29	0	0
200	35	110	383.83	0	0
200	35	115	337.03	0	0
200	35	120	380.67	0	0
200	35	125	452.92	0	0
200	35	130	441.7	0	0
200	35	135	428.18	0	0
200	35	140	412.36	0	0
200	35	145	394.25	0	0
200	35	150	373.84	0	0
200	35	155	351.13	0	0
200	35	160	326.13	0	0
200	35	165	298.83	0	0
200	35	170	269.23	0	0
200	35	175	237.33	0	0
200	35	180	176.8	0	0
200	35	185	142.29	0	0
200	35	190	110.74	0	0
200	35	195	73.498	0	0
200	35	200	0	0	0
200	40	0	0	0	0
200	40	5	56.032	0	0
200	40	10	119.43	0	0
200	40	15	192.86	0	0
200	40	20	204.51	0	0
200	40	25	250.17	0	0
200	40	30	318.5	0	0
200	40	35	326	0	0
200	40	40	350.41	0	0
200	40	45	373.04	0	0
200	40	50	406.09	0	0
200	40	55	428.61	0	0
200	40	60	446.67	0	0
200	40	65	456.41	0	0
200	40	70	464.32	0	0
200	40	75	461.72	0	0
200	40	80	459.52	0	0
200	40	85	457.68	0	0
200	40	90	447.43	0	0
200	40	95	424.63	0	0
200	40	100	409.42	0	0
200	40	105	405.46	0	0
200	40	110	393.72	0	0
200	40	115	359.6	0	0
200	40	120	381.46	0	0
200	40	125	401.29	0	0
200	40	130	399.8	0	0
200	40	135	397.36	0	0
200	40	140	397.92	0	0
200	40	145	400.25	0	0
200	40	150	401.2	0	0
200	40	155	395.73	0	0
200	40	160	384.18	0	0
200	40	165	351.6	0	0
200	40	170	295.51	0	0
200	40	175	236.6	0	0
200	40	180	206.18	0	0
200	40	185	194.13	0	0
200	40	190	119.43	0	0
200	40	195	56.032	0	0
200	40	200	0	0	0
200	45	0	0	0	0
200	45	5	40.982	0	0
200	45	10	76.425	0	0
200	45	15	146.38	0	0
200	45	20	215.97	0	0
200	45	25	244.01	0	0
200	45	30	297.6	0	0
200	45	35	347.96	0	0
200	45	40	386.11	0	0
200	45	45	395.49	0	0
200	45	50	433.86	0	0
200	45	55	450.02	0	0
200	45	60	480.68	0	0
200	45	65	499.91	0	0
200	45	70	502.66	0	0
200	45	75	502.59	0	0
200	45	80	494.91	0	0
200	45	85	487.91	0	0
200	45	90	463.99	0	0
200	45	95	439.56	0	0
200	45	100	422.29	0	0
200	45	105	411.55	0	0
200	45	110	399.42	0	0
200	45	115	363.57	0	0
200	45	120	377.92	0	0
200	45	125	384.63	0	0
200	45	130	391.95	0	0
200	45	135	398.13	0	0
200	45	140	397.88	0	0
200	45	145	399.3	0	0
200	45	150	380.83	0	0
200	45	155	377.11	0	0
200	45	160	368.23	0	0
200	45	165	323.89	0	0
200	45	170	280.76	0	0
200	45	175	242.74	0	0
200	45	180	206.39	0	0
200	45	185	145.65	0	0
200	45	190	76.425	0	0
200	45	195	40.982	0	0
200	45	200	0	0	0
200	50	0	0	0	0
200	50	5	39.915	0	0
200	50	10	57.29	0	0
200	50	15	97.208	0	0
200	50	20	171.23	0	0
200	50	25	227.83	0	0
200	50	30	279.79	0	0
200	50	35	345.34	0	0
200	50	40	394.98	0	0
200	50	45	421.47	0	0
200	50	50	457.5	0	0
200	50	55	478.63	0	0
200	50	60	512.85	0	0
200	50	65	531.42	0	0
200	50	70	539.31	0	0
200	50	75	535.16	0	0
200	50	80	527.17	0	0
200	50	85	502.76	0	0
200	50	90	472.56	0	0
200	50	95	445.34	0	0
200	50	100	431.67	0	0
200	50	105	414.89	0	0
200	50	110	405.31	0	0
200	50	115	359.71	0	0
200	50	120	361.67	0	0
200	50	125	368.73	0	0
200	50	130	378.18	0	0
200	50	135	397.51	0	0
200	50	140	397.66	0	0
200	50	145	399.72	0	0
200	50	150	395.85	0	0
200	50	155	390.2	0	0
200	50	160	392.36	0	0
200	50	165	310.11	0	0
200	50	170	268.06	0	0
200	50	175	226.85	0	0
200	50	180	171.25	0	0
200	50	185	96.626	0	0
200	50	190	57.29	0	0
200	50	195	39.915	0	0
200	50	200	0	0	0
200	55	0	0	0	0
200	55	5	44.172	0	0
200	55	10	59.162	0	0
200	55	15	72.933	0	0
200	55	20	117.49	0	0
200	55	25	187.3	0	0
200	55	30	260.68	0	0
200	55	35	337.28	0	0
200	55	40	387.6	0	0
200	55	45	426.51	0	0
200	55	50	461.38	0	0
200	55	55	497.8	0	0
200	55	60	534.53	0	0
200	55	65	563.48	0	0
200	55	70	565.68	0	0
200	55	75	557.72	0	0
200	55	80	541.31	0	0
200	55	85	511	0	0
200	55	90	480.43	0	0
200	55	95	467.32	0	0
200	55	100	445.15	0	0
200	55	105	425.37	0	0
200	55	110	417.98	0	0
200	55	115	404.78	0	0
200	55	120	347.46	0	0
200	55	125	357.75	0	0
200	55	130	372.87	0	0
200	55	135	381.42	0	0
200	55	140	407.12	0	0
200	55	145	505.02	0	0
200	55	150	451.99	0	0
200	55	155	450.3	0	0
200	55	160	440.83	0	0
200	55	165	325.9	0	0
200	55	170	277.24	0	0
200	55	175	220.09	0	0
200	55	180	119.41	0	0
200	55	185	72.933	0	0
200	55	190	59.162	0	0
200	55	195	44.172	0	0
200	55	200	0	0	0
200	60	0	0	0	0
200	60	5	47.846	0	0
200	60	10	64.648	0	0
200	60	15	82.083	0	0
200	60	20	97.51	0	0
200	60	25	145.05	0	0
200	60	30	244.09	0	0
200	60	35	335.16	0	0
200	60	40	382.88	0	0
200	60	45	425.87	0	0
200	60	50	465.89	0	0
200	60	55	492.73	0	0
200	60	60	537.03	0	0
200	60	65	577.66	0	0
200	60	70	585	0	0
200	60	75	572.04	0	0
200	60	80	553.22	0	0
200	60	85	528.54	0	0
200	60	90	497.18	0	0
200	60	95	475.01	0	0
200	60	100	461.48	0	0
200	60	105	444.44	0	0
200	60	110	448.44	0	0
200	60	115	491.08	0	0
200	60	120	435.1	0	0
200	60	125	414.7	0	0
200	60	130	427.86	0	0
200	60	135	477.75	0	0
200	60	140	569.65	0	0
200	60	145	537.08	0	0
200	60	150	500.74	0	0
200	60	155	491.45	0	0
200	60	160	472.38	0	0
200	60	165	358.73	0	0
200	60	170	303.21	0	0
200	60	175	236.24	0	0
200	60	180	102.34	0	0
200	60	185	82.083	0	0
200	60	190	64.648	0	0
200	60	195	47.846	0	0
200	60	200	0	0	0
200	65	0	0	0	0
200	65	5	61.868	0	0
200	65	10	80.095	0	0
200	65	15	96.733	0	0
200	65	20	110.82	0	0
200	65	25	145.87	0	0
200	65	30	262.9	0	0
200	65	35	340.01	0	0
200	65	40	387.84	0	0
200	65	45	431.49	0	0
200	65	50	475.88	0	0
200	65	55	505.46	0	0
200	65	60	572.03	0	0
200	65	65	597.25	0	0
200	65	70	599.95	0	0
200	65	75	587	0	0
200	65	80	573.14	0	0
200	65	85	558.02	0	0
200	65	90	534.01	0	0
200	65	95	517.34	0	0
200	65	100	492.77	0	0
200	65	105	475.52	0	0
200	65	110	487.56	0	0
200	65	115	523.71	0	0
200	65	120	499.73	0	0
200	65	125	485.45	0	0
200	65	130	486.9	0	0
200	65	135	531.8	0	0
200	65	140	590.97	0	0
200	65	145	591.56	0	0
200	65	150	547.45	0	0
200	65	155	519.21	0	0
200	65	160	497.9	0	0
200	65	165	393.42	0	0
200	65	170	335.59	0	0
200	65	175	266.5	0	0
200	65	180	140.67	0	0
200	65	185	96.733	0	0
200	65	190	80.095	0	0
200	65	195	61.868	0	0
200	65	200	0	0	0
200	70	0	0	0	0
200	70	5	75.853	0	0
200	70	10	91.985	0	0
200	70	15	106.75	0	0
200	70	20	125.27	0	0
200	70	25	201.7	0	0
200	70	30	275.24	0	0
200	70	35	350.5	0	0
200	70	40	402.73	0	0
200	70	45	446.5	0	0
200	70	50	487.29	0	0
200	70	55	519.68	0	0
200	70	60	586.37	0	0
200	70	65	610.31	0	0
200	70	70	613.32	0	0
200	70	75	603.17	0	0
200	70	80	592.19	0	0
200	70	85	580.49	0	0
200	70	90	565.67	0	0
200	70	95	546.75	0	0
200	70	100	522.17	0	0
200	70	105	515.63	0	0
200	70	110	528.8	0	0
200	70	115	547.96	0	0
200	70	120	545.72	0	0
200	70	125	536.67	0	0
200	70	130	537.38	0	0
200	70	135	579.48	0	0
200	70	140	627.18	0	0
200	70	145	668.02	0	0
200	70	150	593.82	0	0
200	70	155	557.59	0	0
200	70	160	525.8	0	0
200	70	165	425.98	0	0
200	70	170	364.21	0	0
200	70	175	299.04	0	0
200	70	180	182.88	0	0
200	70	185	106.75	0	0
200	70	190	91.985	0	0
200	70	195	75.853	0	0
200	70	200	0	0	0
200	75	0	0	0	0
200	75	5	80.671	0	0
200	75	10	96.884	0	0
200	75	15	115.35	0	0
200	75	20	196.21	0	0
200	75	25	248.65	0	0
200	75	30	303.71	0	0
200	75	35	369.77	0	0
200	75	40	425.32	0	0
200	75	45	468.43	0	0
200	75	50	501.74	0	0
200	75	55	538.92	0	0
200	75	60	588.45	0	0
200	75	65	612.52	0	0
200	75	70	625.93	0	0
200	75	75	619	0	0
200	75	80	610.22	0	0
200	75	85	601	0	0
200	75	90	585.89	0	0
200	75	95	574.15	0	0
200	75	100	553.03	0	0
200	75	105	558.01	0	0
200	75	110	568.67	0	0
200	75	115	581.35	0	0
200	75	120	596.63	0	0
200	75	125	598.82	0	0
200	75	130	591.98	0	0
200	75	135	621.79	0	0
200	75	140	655.87	0	0
200	75	145	662.28	0	0
200	75	150	633.5	0	0
200	75	155	600.75	0	0
200	75	160	558.32	0	0
200	75	165	446.68	0	0
200	75	170	391.98	0	0
200	75	175	328.82	0	0
200	75	180	233.25	0	0
200	75	185	115.35	0	0
200	75	190	96.884	0	0
200	75	195	80.671	0	0
200	75	200	0	0	0
200	80	0	0	0	0
200	80	5	86.291	0	0
200	80	10	131.64	0	0
200	80	15	188.75	0	0
200	80	20	245.89	0	0
200	80	25	287.48	0	0
200	80	30	332.52	0	0
200	80	35	394.12	0	0
200	80	40	451.44	0	0
200	80	45	492.65	0	0
200	80	50	516.84	0	0
200	80	55	557.35	0	0
200	80	60	589.45	0	0
200	80	65	624.57	0	0
200	80	70	640.48	0	0
200	80	75	634.28	0	0
200	80	80	627.62	0	0
200	80	85	621.21	0	0
200	80	90	610.24	0	0
200	80	95	596.65	0	0
200	80	100	583.4	0	0
200	80	105	596.16	0	0
200	80	110	631.37	0	0
200	80	115	664.93	0	0
200	80	120	652.74	0	0
200	80	125	647.44	0	0
200	80	130	637.52	0	0
200	80	135	656.12	0	0
200	80	140	678.9	0	0
200	80	145	674.58	0	0
200	80	150	656.33	0	0
200	80	155	630.75	0	0
200	80	160	566.8	0	0
200	80	165	470.49	0	0
200	80	170	420.08	0	0
200	80	175	355.93	0	0
200	80	180	273.41	0	0
200	80	185	188.75	0	0
200	80	190	131.64	0	0
200	80	195	86.291	0	0
200	80	200	0	0	0
200	85	0	0	0	0
200	85	5	121.65	0	0
200	85	10	188.81	0	0
200	85	15	244.65	0	0
200	85	20	287.9	0	0
200	85	25	325.26	0	0
200	85	30	362.5	0	0
200	85	35	419.83	0	0
200	85	40	478.63	0	0
200	85	45	516.4	0	0
200	85	50	530.3	0	0
200	85	55	564.66	0	0
200	85	60	596.38	0	0
200	85	65	627.89	0	0
200	85	70	653.2	0	0
200	85	75	648.59	0	0
200	85	80	642.74	0	0
200	85	85	636.48	0	0
200	85	90	625.81	0	0
200	85	95	614.8	0	0
200	85	100	608.02	0	0
200	85	105	629.76	0	0
200	85	110	682.73	0	0
200	85	115	683.82	0	0
200	85	120	681.52	0	0
200	85	125	678.21	0	0
200	85	130	671.84	0	0
200	85	135	682.37	0	0
200	85	140	695.51	0	0
200	85	145	688.84	0	0
200	85	150	673.59	0	0
200	85	155	651.98	0	0
200	85	160	586.49	0	0
200	85	165	505.56	0	0
200	85	170	450.03	0	0
200	85	175	384.49	0	0
200	85	180	306.45	0	0
200	85	185	244.65	0	0
200	85	190	188.81	0	0
200	85	195	121.65	0	0
200	85	200	0	0	0
200	90	0	0	0	0
200	90	5	171.62	0	0
200	90	10	250.63	0	0
200	90	15	284.33	0	0
200	90	20	323.33	0	0
200	90	25	360.68	0	0
200	90	30	395.42	0	0
200	90	35	446.23	0	0
200	90	40	502.91	0	0
200	90	45	535	0	0
200	90	50	543.27	0	0
200	90	55	572.13	0	0
200	90	60	601.57	0	0
200	90	65	628.56	0	0
200	90	70	660.82	0	0
200	90	75	660.08	0	0
200	90	80	655.77	0	0
200	90	85	648.37	0	0
200	90	90	639.77	0	0
200	90	95	628.66	0	0
200	90	100	632.25	0	0
200	90	105	663.13	0	0
200	90	110	700.39	0	0
200	90	115	703.31	0	0
200	90	120	705.66	0	0
200	90	125	701.81	0	0
200	90	130	697.48	0	0
200	90	135	701.75	0	0
200	90	140	708.23	0	0
200	90	145	701.08	0	0
200	90	150	689.96	0	0
200	90	155	665.2	0	0
200	90	160	605.78	0	0
200	90	165	544.12	0	0
200	90	170	481.08	0	0
200	90	175	416.42	0	0
200	90	180	340.3	0	0
200	90	185	284.33	0	0
200	90	190	250.63	0	0
200	90	195	171.62	0	0
200	90	200	0	0	0
200	95	0	0	0	0
200	95	5	202.5	0	0
200	95	10	267.94	0	0
200	95	15	314.2	0	0
200	95	20	357.32	0	0
200	95	25	392.52	0	0
200	95	30	426.78	0	0
200	95	35	468.76	0	0
200	95	40	521.4	0	0
200	95	45	544.22	0	0
200	95	50	554.35	0	0
200	95	55	580.11	0	0
200	95	60	604.43	0	0
200	95	65	632	0	0
200	95	70	662.86	0	0
200	95	75	665.35	0	0
200	95	80	663.19	0	0
200	95	85	656.17	0	0
200	95	90	647.52	0	0
200	95	95	642.33	0	0
200	95	100	662.95	0	0
200	95	105	708.96	0	0
200	95	110	719.17	0	0
200	95	115	725.15	0	0
200	95	120	728.82	0	0
200	95	125	727.34	0	0
200	95	130	726.66	0	0
200	95	135	725.84	0	0
200	95	140	723.87	0	0
200	95	145	714.88	0	0
200	95	150	707.53	0	0
200	95	155	675.24	0	0
200	95	160	620.33	0	0
200	95	165	573.1	0	0
200	95	170	512.42	0	0
200	95	175	445.68	0	0
200	95	180	362.78	0	0
200	95	185	314.57	0	0
200	95	190	267.94	0	0
200	95	195	202.5	0	0
200	95	200	0	0	0
200	100	0	0	0	0
200	100	5	209.73	0	0
200	100	10	273	0	0
200	100	15	328.58	0	0
200	100	20	377.56	0	0
200	100	25	417.77	0	0
200	100	30	447.92	0	0
200	100	35	485.68	0	0
200	100	40	530.9	0	0
200	100	45	543.35	0	0
200	100	50	556.54	0	0
200	100	55	582.68	0	0
200	100	60	605.34	0	0
200	100	65	629.67	0	0
200	100	70	659.35	0	0
200	100	75	665.64	0	0
200	100	80	666.21	0	0
200	100	85	657.2	0	0
200	100	90	652.22	0	0
200	100	95	663.44	0	0
200	100	100	706.43	0	0
200	100	105	733	0	0
200	100	110	732.96	0	0
200	100	115	737.99	0	0
200	100	120	743.11	0	0
200	100	125	745.53	0	0
200	100	130	738.54	0	0
200	100	135	738.35	0	0
200	100	140	736.55	0	0
200	100	145	734.06	0	0
200	100	150	727.8	0	0
200	100	155	684.73	0	0
200	100	160	630.43	0	0
200	100	165	587.52	0	0
200	100	170	536.69	0	0
200	100	175	468.18	0	0
200	100	180	393.68	0	0
200	100	185	331.21	0	0
200	100	190	273	0	0
200	100	195	209.73	0	0
200	100	200	0	0	0
200	105	0	0	0	0
200	105	5	205.4	0	0
200	105	10	269.87	0	0
200	105	15	330.22	0	0
200	105	20	385.98	0	0
200	105	25	435.82	0	0
200	105	30	461.98	0	0
200	105	35	496.93	0	0
200	105	40	527.87	0	0
200	105	45	535.04	0	0
200	105	50	554.21	0	0
200	105	55	579.18	0	0
200	105	60	604.77	0	0
200	105	65	631.55	0	0
200	105	70	658.25	0	0
200	105	75	664.23	0	0
200	105	80	664	0	0
200	105	85	661.86	0	0
200	105	90	671.95	0	0
200	105	95	689.76	0	0
200	105	100	726.47	0	0
200	105	105	734.61	0	0
200	105	110	738.84	0	0
200	105	115	746.95	0	0
200	105	120	744.88	0	0
200	105	125	741.85	0	0
200	105	130	733.22	0	0
200	105	135	734.01	0	0
200	105	140	737.84	0	0
200	105	145	748.36	0	0
200	105	150	750.46	0	0
200	105	155	694.8	0	0
200	105	160	640.35	0	0
200	105	165	595.3	0	0
200	105	170	546.45	0	0
200	105	175	482.97	0	0
200	105	180	407.72	0	0
200	105	185	335.6	0	0
200	105	190	269.87	0	0
200	105	195	205.4	0	0
200	105	200	0	0	0
200	110	0	0	0	0
200	110	5	206.05	0	0
200	110	10	271.5	0	0
200	110	15	336.25	0	0
200	110	20	393.91	0	0
200	110	25	442.08	0	0
200	110	30	468.7	0	0
200	110	35	498.49	0	0
200	110	40	518.1	0	0
200	110	45	527.21	0	0
200	110	50	549.7	0	0
200	110	55	570.49	0	0
200	110	60	602.36	0	0
200	110	65	631.82	0	0
200	110	70	659.24	0	0
200	110	75	664.31	0	0
200	110	80	667.37	0	0
200	110	85	674.99	0	0
200	110	90	682.5	0	0
200	110	95	704.39	0	0
200	110	100	715.3	0	0
200	110	105	722.11	0	0
200	110	110	727.83	0	0
200	110	115	737.64	0	0
200	110	120	737.77	0	0
200	110	125	730.48	0	0
200	110	130	719.77	0	0
200	110	135	722.46	0	0
200	110	140	727.63	0	0
200	110	145	740.14	0	0
200	110	150	757.74	0	0
200	110	155	720.22	0	0
200	110	160	650.54	0	0
200	110	165	599.02	0	0
200	110	170	547.41	0	0
200	110	175	487.66	0	0
200	110	180	417.12	0	0
200	110	185	341.1	0	0
200	110	190	271.9	0	0
200	110	195	206.05	0	0
200	110	200	0	0	0
200	115	0	0	0	0
200	115	5	210.86	0	0
200	115	10	275.5	0	0
200	115	15	338.4	0	0
200	115	20	396.53	0	0
200	115	25	440.97	0	0
200	115	30	469.16	0	0
200	115	35	494	0	0
200	115	40	506.92	0	0
200	115	45	521.94	0	0
200	115	50	542.75	0	0
200	115	55	559.03	0	0
200	115	60	590.21	0	0
200	115	65	628.58	0	0
200	115	70	658.8	0	0
200	115	75	669.65	0	0
200	115	80	678.39	0	0
200	115	85	686.75	0	0
200	115	90	694.64	0	0
200	115	95	700.02	0	0
200	115	100	699.02	0	0
200	115	105	705.08	0	0
200	115	110	709.49	0	0
200	115	115	714.7	0	0
200	115	120	728.24	0	0
200	115	125	723.71	0	0
200	115	130	706.42	0	0
200	115	135	710.55	0	0
200	115	140	716.95	0	0
200	115	145	725.65	0	0
200	115	150	745.74	0	0
200	115	155	751.55	0	0
200	115	160	665.08	0	0
200	115	165	600.98	0	0
200	115	170	547.98	0	0
200	115	175	490.34	0	0
200	115	180	422.14	0	0
200	115	185	349.58	0	0
200	115	190	277.14	0	0
200	115	195	210.88	0	0
200	115	200	0	0	0
200	120	0	0	0	0
200	120	5	214.34	0	0
200	120	10	276.8	0	0
200	120	15	336.44	0	0
200	120	20	392.73	0	0
200	120	25	435.81	0	0
200	120	30	461.81	0	0
200	120	35	480.46	0	0
200	120	40	492.64	0	0
200	120	45	512.65	0	0
200	120	50	537.34	0	0
200	120	55	555.41	0	0
200	120	60	575.21	0	0
200	120	65	615.7	0	0
200	120	70	649.04	0	0
200	120	75	675.06	0	0
200	120	80	689.7	0	0
200	120	85	694.01	0	0
200	120	90	699.3	0	0
200	120	95	692.93	0	0
200	120	100	683.65	0	0
200	120	105	689.05	0	0
200	120	110	693.9	0	0
200	120	115	697.59	0	0
200	120	120	710.46	0	0
200	120	125	720.06	0	0
200	120	130	701.13	0	0
200	120	135	702.82	0	0
200	120	140	709.87	0	0
200	120	145	716.06	0	0
200	120	150	734.6	0	0
200	120	155	749.75	0	0
200	120	160	687.23	0	0
200	120	165	600.23	0	0
200	120	170	543	0	0
200	120	175	491.06	0	0
200	120	180	420.66	0	0
200	120	185	350.06	0	0
200	120	190	283.96	0	0
200	120	195	215.48	0	0
200	120	200	0	0	0
200	125	0	0	0	0
200	125	5	215.38	0	0
200	125	10	275.7	0	0
200	125	15	330.1	0	0
200	125	20	378.32	0	0
200	125	25	421.5	0	0
200	125	30	443.03	0	0
200	125	35	453.75	0	0
200	125	40	464.73	0	0
200	125	45	491.12	0	0
200	125	50	521.85	0	0
200	125	55	548.16	0	0
200	125	60	567.69	0	0
200	125	65	599.69	0	0
200	125	70	641.93	0	0
200	125	75	669.12	0	0
200	125	80	691.78	0	0
200	125	85	698.73	0	0
200	125	90	693.19	0	0
200	125	95	686.04	0	0
200	125	100	674.5	0	0
200	125	105	672.32	0	0
200	125	110	679.04	0	0
200	125	115	683.33	0	0
200	125	120	691.23	0	0
200	125	125	692.46	0	0
200	125	130	702.39	0	0
200	125	135	703.52	0	0
200	125	140	707.44	0	0
200	125	145	708.2	0	0
200	125	150	724.71	0	0
200	125	155	746.65	0	0
200	125	160	715.47	0	0
200	125	165	599.42	0	0
200	125	170	535.63	0	0
200	125	175	485.95	0	0
200	125	180	413.82	0	0
200	125	185	346.82	0	0
200	125	190	283.58	0	0
200	125	195	217.33	0	0
200	125	200	0	0	0
200	130	0	0	0	0
200	130	5	189.75	0	0
200	130	10	246.13	0	0
200	130	15	300.74	0	0
200	130	20	351.02	0	0
200	130	25	393.56	0	0
200	130	30	412.72	0	0
200	130	35	418.86	0	0
200	130	40	434.14	0	0
200	130	45	466.89	0	0
200	130	50	497.68	0	0
200	130	55	526.61	0	0
200	130	60	552.62	0	0
200	130	65	576.71	0	0
200	130	70	617.69	0	0
200	130	75	654.07	0	0
200	130	80	683.33	0	0
200	130	85	688.06	0	0
200	130	90	677.74	0	0
200	130	95	675.17	0	0
200	130	100	664.4	0	0
200	130	105	652.76	0	0
200	130	110	660.57	0	0
200	130	115	667.36	0	0
200	130	120	674.8	0	0
200	130	125	685.73	0	0
200	130	130	694.91	0	0
200	130	135	704.28	0	0
200	130	140	699.89	0	0
200	130	145	674.58	0	0
200	130	150	719.21	0	0
200	130	155	741.12	0	0
200	130	160	741.74	0	0
200	130	165	595.09	0	0
200	130	170	525.43	0	0
200	130	175	473.6	0	0
200	130	180	400.51	0	0
200	130	185	318.57	0	0
200	130	190	251.55	0	0
200	130	195	190.59	0	0
200	130	200	0	0	0
200	135	0	0	0	0
200	135	5	153.04	0	0
200	135	10	212.64	0	0
200	135	15	274.03	0	0
200	135	20	330	0	0
200	135	25	366.38	0	0
200	135	30	381.55	0	0
200	135	35	383.48	0	0
200	135	40	409.4	0	0
200	135	45	443.12	0	0
200	135	50	473.31	0	0
200	135	55	501.82	0	0
200	135	60	527.35	0	0
200	135	65	555.83	0	0
200	135	70	594.64	0	0
200	135	75	621.06	0	0
200	135	80	657.65	0	0
200	135	85	674.09	0	0
200	135	90	659.74	0	0
200	135	95	647.46	0	0
200	135	100	646.5	0	0
200	135	105	625.93	0	0
200	135	110	633.25	0	0
200	135	115	642.16	0	0
200	135	120	655.89	0	0
200	135	125	671.09	0	0
200	135	130	670.8	0	0
200	135	135	673	0	0
200	135	140	653.25	0	0
200	135	145	630.8	0	0
200	135	150	713.61	0	0
200	135	155	734.62	0	0
200	135	160	723.84	0	0
200	135	165	592.9	0	0
200	135	170	516.62	0	0
200	135	175	449.4	0	0
200	135	180	379.75	0	0
200	135	185	300.69	0	0
200	135	190	231.91	0	0
200	135	195	159.05	0	0
200	135	200	0	0	0
200	140	0	0	0	0
200	140	5	143.95	0	0
200	140	10	204.15	0	0
200	140	15	263.38	0	0
200	140	20	311.01	0	0
200	140	25	338.31	0	0
200	140	30	353.22	0	0
200	140	35	352.6	0	0
200	140	40	384.92	0	0
200	140	45	421.77	0	0
200	140	50	451.25	0	0
200	140	55	479.9	0	0
200	140	60	505.88	0	0
200	140	65	531.88	0	0
200	140	70	575.99	0	0
200	140	75	591.39	0	0
200	140	80	609.11	0	0
200	140	85	622.48	0	0
200	140	90	630.57	0	0
200	140	95	617.86	0	0
200	140	100	608.28	0	0
200	140	105	586.1	0	0
200	140	110	589.37	0	0
200	140	115	602.62	0	0
200	140	120	614.25	0	0
200	140	125	632.57	0	0
200	140	130	638.45	0	0
200	140	135	625.86	0	0
200	140	140	607.77	0	0
200	140	145	603.29	0	0
200	140	150	686.12	0	0
200	140	155	719.81	0	0
200	140	160	715.76	0	0
200	140	165	585.81	0	0
200	140	170	499.61	0	0
200	140	175	417.9	0	0
200	140	180	350.88	0	0
200	140	185	280.52	0	0
200	140	190	213.6	0	0
200	140	195	154.74	0	0
200	140	200	0	0	0
200	145	0	0	0	0
200	145	5	144.26	0	0
200	145	10	199.31	0	0
200	145	15	252.03	0	0
200	145	20	287.49	0	0
200	145	25	302.68	0	0
200	145	30	317.19	0	0
200	145	35	322.98	0	0
200	145	40	361.19	0	0
200	145	45	400.46	0	0
200	145	50	429.5	0	0
200	145	55	462.62	0	0
200	145	60	489.36	0	0
200	145	65	516.58	0	0
200	145	70	555.97	0	0
200	145	75	555.4	0	0
200	145	80	556.7	0	0
200	145	85	563.3	0	0
200	145	90	573.32	0	0
200	145	95	575.02	0	0
200	145	100	569.19	0	0
200	145	105	543.67	0	0
200	145	110	540.6	0	0
200	145	115	554.15	0	0
200	145	120	565.81	0	0
200	145	125	573.46	0	0
200	145	130	610.01	0	0
200	145	135	589.48	0	0
200	145	140	572.47	0	0
200	145	145	585.76	0	0
200	145	150	649.72	0	0
200	145	155	687	0	0
200	145	160	664.69	0	0
200	145	165	564.97	0	0
200	145	170	470.82	0	0
200	145	175	393.68	0	0
200	145	180	327.82	0	0
200	145	185	263.44	0	0
200	145	190	204.96	0	0
200	145	195	153.41	0	0
200	145	200	0	0	0
200	150	0	0	0	0
200	150	5	144.59	0	0
200	150	10	195.69	0	0
200	150	15	229.19	0	0
200	150	20	248.43	0	0
200	150	25	262.08	0	0
200	150	30	269.75	0	0
200	150	35	295.71	0	0
200	150	40	334.98	0	0
200	150	45	380.17	0	0
200	150	50	413.5	0	0
200	150	55	438.08	0	0
200	150	60	475.05	0	0
200	150	65	493.3	0	0
200	150	70	529.39	0	0
200	150	75	527.47	0	0
200	150	80	505.63	0	0
200	150	85	509.77	0	0
200	150	90	520.58	0	0
200	150	95	529.74	0	0
200	150	100	524.71	0	0
200	150	105	501.85	0	0
200	150	110	494.84	0	0
200	150	115	507.17	0	0
200	150	120	515.86	0	0
200	150	125	517.33	0	0
200	150	130	562.79	0	0
200	150	135	562.16	0	0
200	150	140	535.14	0	0
200	150	145	557.71	0	0
200	150	150	615.24	0	0
200	150	155	650.99	0	0
200	150	160	613.56	0	0
200	150	165	530.54	0	0
200	150	170	436.2	0	0
200	150	175	361.43	0	0
200	150	180	295.72	0	0
200	150	185	237.78	0	0
200	150	190	198.96	0	0
200	150	195	149.88	0	0
200	150	200	0	0	0
200	155	0	0	0	0
200	155	5	139.39	0	0
200	155	10	178.61	0	0
200	155	15	201.04	0	0
200	155	20	215.19	0	0
200	155	25	226.24	0	0
200	155	30	237.87	0	0
200	155	35	260.85	0	0
200	155	40	305.18	0	0
200	155	45	357.47	0	0
200	155	50	400.77	0	0
200	155	55	416.26	0	0
200	155	60	446.93	0	0
200	155	65	466.62	0	0
200	155	70	474.33	0	0
200	155	75	480.19	0	0
200	155	80	463.76	0	0
200	155	85	471.52	0	0
200	155	90	486.47	0	0
200	155	95	493.5	0	0
200	155	100	475.22	0	0
200	155	105	451.55	0	0
200	155	110	448.56	0	0
200	155	115	456.32	0	0
200	155	120	463.23	0	0
200	155	125	464.14	0	0
200	155	130	519.2	0	0
200	155	135	550.7	0	0
200	155	140	531.98	0	0
200	155	145	537.31	0	0
200	155	150	579.28	0	0
200	155	155	593.11	0	0
200	155	160	566.17	0	0
200	155	165	491.14	0	0
200	155	170	398.56	0	0
200	155	175	321.84	0	0
200	155	180	255.4	0	0
200	155	185	208.61	0	0
200	155	190	181.13	0	0
200	155	195	149.05	0	0
200	155	200	0	0	0
200	160	0	0	0	0
200	160	5	124.69	0	0
200	160	10	155.86	0	0
200	160	15	173.02	0	0
200	160	20	185.44	0	0
200	160	25	194.23	0	0
200	160	30	207.75	0	0
200	160	35	228.76	0	0
200	160	40	271.71	0	0
200	160	45	325.16	0	0
200	160	50	374.77	0	0
200	160	55	393.15	0	0
200	160	60	406.56	0	0
200	160	65	419.65	0	0
200	160	70	411.72	0	0
200	160	75	430.25	0	0
200	160	80	424.82	0	0
200	160	85	432.38	0	0
200	160	90	445.77	0	0
200	160	95	440.95	0	0
200	160	100	419.42	0	0
200	160	105	400.06	0	0
200	160	110	399.24	0	0
200	160	115	383.5	0	0
200	160	120	394.71	0	0
200	160	125	420.94	0	0
200	160	130	522.62	0	0
200	160	135	535.51	0	0
200	160	140	527.84	0	0
200	160	145	517.46	0	0
200	160	150	545.8	0	0
200	160	155	550.79	0	0
200	160	160	507.41	0	0
200	160	165	437.16	0	0
200	160	170	359.99	0	0
200	160	175	288.66	0	0
200	160	180	218.86	0	0
200	160	185	180.78	0	0
200	160	190	158.12	0	0
200	160	195	134.76	0	0
200	160	200	0	0	0
200	165	0	0	0	0
200	165	5	106.41	0	0
200	165	10	130.75	0	0
200	165	15	144.83	0	0
200	165	20	155.8	0	0
200	165	25	163.87	0	0
200	165	30	175.56	0	0
200	165	35	194.24	0	0
200	165	40	238.12	0	0
200	165	45	287.22	0	0
200	165	50	334.41	0	0
200	165	55	349.85	0	0
200	165	60	349.78	0	0
200	165	65	361.6	0	0
200	165	70	357.53	0	0
200	165	75	359.11	0	0
200	165	80	377.65	0	0
200	165	85	385.2	0	0
200	165	90	386.79	0	0
200	165	95	380.26	0	0
200	165	100	361.78	0	0
200	165	105	345.83	0	0
200	165	110	333.71	0	0
200	165	115	306.77	0	0
200	165	120	337.57	0	0
200	165	125	393.12	0	0
200	165	130	540.26	0	0
200	165	135	534.23	0	0
200	165	140	526.19	0	0
200	165	145	510.68	0	0
200	165	150	504.7	0	0
200	165	155	493.66	0	0
200	165	160	426.74	0	0
200	165	165	372.02	0	0
200	165	170	315.1	0	0
200	165	175	257.84	0	0
200	165	180	200.09	0	0
200	165	185	157.16	0	0
200	165	190	133.39	0	0
200	165	195	114.61	0	0
200	165	200	0	0	0
200	170	0	0	0	0
200	170	5	84.961	0	0
200	170	10	104.11	0	0
200	170	15	116.48	0	0
200	170	20	126.25	0	0
200	170	25	134.12	0	0
200	170	30	145.51	0	0
200	170	35	162.66	0	0
200	170	40	202.42	0	0
200	170	45	240.79	0	0
200	170	50	272.4	0	0
200	170	55	280.49	0	0
200	170	60	285.65	0	0
200	170	65	292.48	0	0
200	170	70	290	0	0
200	170	75	297.27	0	0
200	170	80	316.1	0	0
200	170	85	316.04	0	0
200	170	90	316.35	0	0
200	170	95	312.31	0	0
200	170	100	292.01	0	0
200	170	105	279.74	0	0
200	170	110	284.91	0	0
200	170	115	290.82	0	0
200	170	120	269.81	0	0
200	170	125	192.28	0	0
200	170	130	517.91	0	0
200	170	135	517.32	0	0
200	170	140	513.28	0	0
200	170	145	502.72	0	0
200	170	150	480.06	0	0
200	170	155	411.81	0	0
200	170	160	352	0	0
200	170	165	302.14	0	0
200	170	170	258.95	0	0
200	170	175	210.18	0	0
200	170	180	165.46	0	0
200	170	185	131.14	0	0
200	170	190	107.85	0	0
200	170	195	91.123	0	0
200	170	200	0	0	0
200	175	0	0	0	0
200	175	5	61.196	0	0
200	175	10	76.39	0	0
200	175	15	87.317	0	0
200	175	20	96.469	0	0
200	175	25	105.32	0	0
200	175	30	114.69	0	0
200	175	35	131.68	0	0
200	175	40	161.72	0	0
200	175	45	187.45	0	0
200	175	50	203.97	0	0
200	175	55	209.48	0	0
200	175	60	211.29	0	0
200	175	65	216.08	0	0
200	175	70	216.93	0	0
200	175	75	223.32	0	0
200	175	80	231.26	0	0
200	175	85	230.58	0	0
200	175	90	233.19	0	0
200	175	95	231.23	0	0
200	175	100	214.55	0	0
200	175	105	220.31	0	0
200	175	110	254.72	0	0
200	175	115	269.77	0	0
200	175	120	268.31	0	0
200	175	125	203.99	0	0
200	175	130	204.17	0	0
200	175	135	393.04	0	0
200	175	140	412.83	0	0
200	175	145	448.34	0	0
200	175	150	392.02	0	0
200	175	155	333.65	0	0
200	175	160	277.02	0	0
200	175	165	229.82	0	0
200	175	170	191.97	0	0
200	175	175	151.86	0	0
200	175	180	125.74	0	0
200	175	185	101.16	0	0
200	175	190	80.628	0	0
200	175	195	65.938	0	0
200	175	200	0	0	0
200	180	0	0	0	0
200	180	5	35.757	0	0
200	180	10	47.996	0	0
200	180	15	57.651	0	0
200	180	20	66.336	0	0
200	180	25	74.51	0	0
200	180	30	82.533	0	0
200	180	35	99.86	0	0
200	180	40	114.08	0	0
200	180	45	129.3	0	0
200	180	50	137.05	0	0
200	180	55	133.51	0	0
200	180	60	132.14	0	0
200	180	65	133.49	0	0
200	180	70	135.97	0	0
200	180	75	135.93	0	0
200	180	80	134.04	0	0
200	180	85	135.94	0	0
200	180	90	143.65	0	0
200	180	95	145.33	0	0
200	180	100	140.53	0	0
200	180	105	151.48	0	0
200	180	110	198.21	0	0
200	180	115	232.83	0	0
200	180	120	215.09	0	0
200	180	125	215.7	0	0
200	180	130	215.91	0	0
200	180	135	215.6	0	0
200	180	140	298.08	0	0
200	180	145	329.65	0	0
200	180	150	275.85	0	0
200	180	155	238.4	0	0
200	180	160	192.6	0	0
200	180	165	153.63	0	0
200	180	170	122.19	0	0
200	180	175	98.039	0	0
200	180	180	81.965	0	0
200	180	185	65.243	0	0
200	180	190	51.283	0	0
200	180	195	39.239	0	0
200	180	200	0	0	0
200	185	0	0	0	0
200	185	5	9.3556	0	0
200	185	10	18.768	0	0
200	185	15	27.567	0	0
200	185	20	35.838	0	0
200	185	25	42.971	0	0
200	185	30	50.257	0	0
200	185	35	62.593	0	0
200	185	40	71.767	0	0
200	185	45	72.766	0	0
200	185	50	68.741	0	0
200	185	55	59.057	0	0
200	185	60	50.12	0	0
200	185	65	47.624	0	0
200	185	70	47.406	0	0
200	185	75	42.811	0	0
200	185	80	34.052	0	0
200	185	85	42.295	0	0
200	185	90	52.984	0	0
200	185	95	57.217	0	0
200	185	100	63.011	0	0
200	185	105	77.918	0	0
200	185	110	133.12	0	0
200	185	115	196.76	0	0
200	185	120	226.78	0	0
200	185	125	227.41	0	0
200	185	130	227.64	0	0
200	185	135	227.81	0	0
200	185	140	224.9	0	0
200	185	145	117.95	0	0
200	185	150	155.82	0	0
200	185	155	130.41	0	0
200	185	160	100.03	0	0
200	185	165	74.747	0	0
200	185	170	62.016	0	0
200	185	175	51.037	0	0
200	185	180	35.472	0	0
200	185	185	27.967	0	0
200	185	190	19.815	0	0
200	185	195	11.365	0	0
200	185	200	0	0	0
200	190	0	0	0	0
200	190	5	0	0	0
200	190	10	0	0	0
200	190	15	0	0	0
200	190	20	0	0	0
200	190	25	0	0	0
200	190	30	0	0	0
200	190	35	0	0	0
200	190	40	0	0	0
200	190	45	0	0	0
200	190	50	0	0	0
200	190	55	0	0	0
200	190	60	0	0	0
200	190	65	0	0	0
200	190	70	0	0	0
200	190	75	0	0	0
200	190	80	0	0	0
200	190	85	0	0	0
200	190	90	0	0	0
200	190	95	0	0	0
200	190	100	0	0	0
200	190	105	0	0	0
200	190	110	0	0	0
200	190	115	0	0	0
200	190	120	0	0	0
200	190	125	0	0	0
200	190	130	0	0	0
200	190	135	0	0	0
200	190	140	0	0	0
200	190	145	0	0	0
200	190	150	0	0	0
200	190	155	0	0	0
200	190	160	0	0	0
200	190	165	0	0	0
200	190	170	0	0	0
200	190	175	0	0	0
200	190	180	0	0	0
200	190	185	0	0	0
200	190	190	0	0	0
200	190	195	0	0	0
200	190	200	0	0	0
200	195	0	0	0	0
200	195	5	0	0	0
200	195	10	0	0	0
200	195	15	0	0	0
200	195	20	0	0	0
200	195	25	0	0	0
200	195	30	0	0	0
200	195	35	0	0	0
200	195	40	0	0	0
200	195	45	0	0	0
200	195	50	0	0	0
200	195	55	0	0	0
200	195	60	0	0	0
200	195	65	0	0	0
200	195	70	0	0	0
200	195	75	0	0	0
200	195	80	0	0	0
200	195	85	0	0	0
200	195	90	0	0	0
200	195	95	0	0	0
200	195	100	0	0	0
200	195	105	0	0	0
200	195	110	0	0	0
200	195	115	0	0	0
200	195	120	0	0	0
200	195	125	0	0	0
200	195	130	0	0	0
200	195	135	0	0	0
200	195	140	0	0	0
200	195	145	0	0	0
200	195	150	0	0	0
200	195	155	0	0	0
200	195	160	0	0	0
200	195	165	0	0	0
200	195	170	0	0	0
200	195	175	0	0	0
200	195	180	0	0	0
200	195	185	0	0	0
200	195	190	0	0	0
200	195	195	0	0	0
200	195	200	0	0	0
200	200	0	0	0	0
200	200	5	0	0	0
200	200	10	0	0	0
200	200	15	0	0	0
200	200	20	0	0	0
200	200	25	0	0	0
200	200	30	0	0	0
200	200	35	0	0	0
200	200	40	0	0	0
200	200	45	0	0	0
200	200	50	0	0	0
200	200	55	0	0	0
200	200	60	0	0	0
200	200	65	0	0	0
200	200	70	0	0	0
200	200	75	0	0	0
200	200	80	0	0	0
200	200	85	0	0	0
200	200	90	0	0	0
200	200	95	0	0	0
200	200	100	0	0	0
200	200	105	0	0	0
200	200	110	0	0	0
200	200	115	0	0	0
200	200	120	0	0	0
200	200	125	0	0	0
200	200	130	0	0	0
200	200	135	0	0	0
200	200	140	0	0	0
200	200	145	0	0	0
200	200	150	0	0	0
200	200	155	0	0	0
200	200	160	0	0	0
200	200	165	0	0	0
200	200	170	0	0	0
200	200	175	0	0	0
200	200	180	0	0	0
200	200	185	0	0	0
200	200	190	0	0	0
200	200	195	0	0	0
200	200	200	0	0	0
