15.6025,5.957692,-0.02998575,-0.007381139,0.999523
15.6025,5.957692,-0.02998624,-0.00471576,0.9995392
15.6025,5.957692,-0.02998604,0.005945942,0.9995326
15.6025,5.957692,-0.02732175,-0.010047,0.9995762
15.6025,5.957692,-0.02732238,-0.007381703,0.9995994
15.6025,5.957692,-0.02732282,-0.00471612,0.9996155
15.6025,5.957692,-0.02732307,-0.002050563,0.9996245
15.6025,5.957692,-0.02732312,0.0006151649,0.9996265
15.6025,5.957692,-0.02732298,0.003280752,0.9996213
15.6025,5.957692,-0.02732265,0.005946397,0.999609
15.6025,5.957692,-0.02732212,0.008611788,0.9995896
15.6025,5.957692,-0.02732139,0.01127712,0.9995631
15.6025,5.957692,-0.02465619,-0.01537809,0.9995777
15.6025,5.957692,-0.02465711,-0.01271309,0.9996151
15.6025,5.957692,-0.02465786,-0.0100477,0.9996454
15.6025,5.957692,-0.02465843,-0.007382215,0.9996687
15.6025,5.957692,-0.02465883,-0.004716447,0.9996848
15.6025,5.957692,-0.0246591,0.0006152075,0.9996957
15.6025,5.957692,-0.02465897,0.00328098,0.9996905
15.6025,5.957692,-0.02465867,0.005946808,0.9996782
15.6025,5.957692,-0.02465754,0.0112779,0.9996324
15.6025,5.957692,-0.02465671,0.01394318,0.9995987
15.6025,5.957692,-0.02199097,-0.01804401,0.9995953
15.6025,5.957692,-0.02199195,-0.01537905,0.9996398
15.6025,5.957692,-0.02199278,-0.01271388,0.9996772
15.6025,5.957692,-0.02199345,-0.01004832,0.9997076
15.6025,5.957692,-0.02199396,-0.007382674,0.9997308
15.6025,5.957692,-0.02199431,-0.00471674,0.999747
15.6025,5.957692,-0.02199451,-0.002050832,0.999756
15.6025,5.957692,-0.02199444,0.003281184,0.9997527
15.6025,5.957692,-0.02199417,0.005947179,0.9997404
15.6025,5.957692,-0.02199374,0.008612921,0.9997211
15.6025,5.957692,-0.02199316,0.01127861,0.9996945
15.6025,5.957692,-0.02199242,0.01394405,0.9996608
15.6025,5.957692,-0.02199152,0.01660907,0.9996202
15.6025,5.957692,-0.02199047,0.01927386,0.9995723
15.6025,5.957692,-0.02198926,0.02193812,0.9995175
15.6025,5.957692,-0.01932451,-0.02337389,0.99954
15.6025,5.957692,-0.01932565,-0.02070961,0.9995987
15.6025,5.957692,-0.01932664,-0.01804501,0.9996504
15.6025,5.957692,-0.01932751,-0.0153799,0.9996949
15.6025,5.957692,-0.01932823,-0.01271459,0.9997323
15.6025,5.957692,-0.01932882,-0.01004888,0.9997627
15.6025,5.957692,-0.01932926,-0.00738308,0.9997859
15.6025,5.957692,-0.01932958,-0.004717,0.9998021
15.6025,5.957692,-0.01932975,-0.002050945,0.999811
15.6025,5.957692,-0.01932979,0.0006152797,0.999813
15.6025,5.957692,-0.01932945,0.005947507,0.9997955
15.6025,5.957692,-0.01932907,0.008613395,0.9997761
15.6025,5.957692,-0.01932791,0.01394482,0.9997159
15.6025,5.957692,-0.0193262,0.01927492,0.9996275
15.6025,5.957692,-0.01932514,0.02193932,0.9995725
15.6025,5.957692,-0.01932394,0.02460339,0.9995105
15.6025,5.957692,-0.01665981,-0.02337501,0.999588
15.6025,5.957692,-0.01666079,-0.0207106,0.9996467
15.6025,5.957692,-0.01666301,-0.0127152,0.9997803
15.6025,5.957692,-0.01666352,-0.01004936,0.9998106
15.6025,5.957692,-0.01666418,-0.004717226,0.99985
15.6025,5.957692,-0.01666433,-0.002051044,0.9998591
15.6025,5.957692,-0.01666436,0.0006153092,0.9998609
15.6025,5.957692,-0.01666427,0.003281522,0.9998558
15.6025,5.957692,-0.01666407,0.005947792,0.9998434
15.6025,5.957692,-0.01666374,0.008613808,0.999824
15.6025,5.957692,-0.0166633,0.01127977,0.9997975
15.6025,5.957692,-0.01666274,0.01394549,0.9997639
15.6025,5.957692,-0.01666127,0.01927585,0.9996754
15.6025,5.957692,-0.01665932,0.02460457,0.9995584
15.6025,5.957692,-0.01399383,-0.02603986,0.999563
15.6025,5.957692,-0.01399557,-0.02071145,0.9996876
15.6025,5.957692,-0.0139963,-0.01804661,0.9997392
15.6025,5.957692,-0.01399787,-0.01004977,0.9998515
15.6025,5.957692,-0.0139982,-0.007383736,0.9998748
15.6025,5.957692,-0.01399842,-0.004717419,0.9998909
15.6025,5.957692,-0.01399855,-0.002051128,0.9998999
15.6025,5.957692,-0.01399857,0.0006153344,0.9999018
15.6025,5.957692,-0.0139985,0.003281656,0.9998966
15.6025,5.957692,-0.01399833,0.005948035,0.9998843
15.6025,5.957692,-0.01399806,0.00861416,0.9998649
15.6025,5.957692,-0.01399769,0.01128023,0.9998384
15.6025,5.957692,-0.01399665,0.01661146,0.999764
15.6025,5.957692,-0.01399521,0.02194127,0.9996613
15.6025,5.957692,-0.01399434,0.02460557,0.9995993
15.6025,5.957692,-0.01132865,-0.02604074,0.9995967
15.6025,5.957692,-0.01133006,-0.02071214,0.9997213
15.6025,5.957692,-0.01133115,-0.01538178,0.9998175
15.6025,5.957692,-0.01133158,-0.01271614,0.9998549
15.6025,5.957692,-0.01133192,-0.01005011,0.9998853
15.6025,5.957692,-0.01133218,-0.007383986,0.9999085
15.6025,5.957692,-0.01133237,-0.004717578,0.9999247
15.6025,5.957692,-0.01133247,-0.002051197,0.9999337
15.6025,5.957692,-0.01133249,0.0006153552,0.9999356
15.6025,5.957692,-0.01133243,0.003281767,0.9999304
15.6025,5.957692,-0.01133229,0.005948236,0.9999181
15.6025,5.957692,-0.01133207,0.008614451,0.9998987
15.6025,5.957692,-0.01133177,0.01128061,0.9998721
15.6025,5.957692,-0.01133093,0.01661202,0.9997978
15.6025,5.957692,-0.01133039,0.01927729,0.99975
15.6025,5.957692,-0.01132977,0.02194201,0.9996951
15.6025,5.957692,-0.01132906,0.0246064,0.999633
15.6025,5.957692,-0.01132741,0.02993342,0.9994877
15.6025,5.957692,-0.008662852,-0.02870506,0.9995504
15.6025,5.957692,-0.008663483,-0.02604143,0.9996233
15.6025,5.957692,-0.008664054,-0.02337738,0.9996892
15.6025,5.957692,-0.008664563,-0.0207127,0.9997479
15.6025,5.957692,-0.008665011,-0.0180477,0.9997995
15.6025,5.957692,-0.008665397,-0.01538219,0.9998441
15.6025,5.957692,-0.008665721,-0.01271648,0.9998816
15.6025,5.957692,-0.008665984,-0.01005038,0.999912
15.6025,5.957692,-0.008666186,-0.007384182,0.9999352
15.6025,5.957692,-0.008666325,-0.004717704,0.9999513
15.6025,5.957692,-0.008666404,-0.002051251,0.9999603
15.6025,5.957692,-0.00866642,0.0006153716,0.9999622
15.6025,5.957692,-0.008666376,0.003281855,0.9999571
15.6025,5.957692,-0.008666101,0.008614681,0.9999254
15.6025,5.957692,-0.008665871,0.01128091,0.9998989
15.6025,5.957692,-0.008665579,0.0139469,0.9998652
15.6025,5.957692,-0.008665226,0.01661246,0.9998245
15.6025,5.957692,-0.008664812,0.0192778,0.9997767
15.6025,5.957692,-0.008663798,0.02460706,0.9996597
15.6025,5.957692,-0.008663199,0.02727086,0.9995905
15.6025,5.957692,-0.005997439,-0.02870562,0.9995699
15.6025,5.957692,-0.005997878,-0.02604194,0.9996429
15.6025,5.957692,-0.005998272,-0.02337783,0.9997087
15.6025,5.957692,-0.005998625,-0.0207131,0.9997675
15.6025,5.957692,-0.005998935,-0.01804805,0.9998191
15.6025,5.957692,-0.005999202,-0.01538249,0.9998637
15.6025,5.957692,-0.005999427,-0.01271673,0.9999011
15.6025,5.957692,-0.005999609,-0.01005057,0.9999315
15.6025,5.957692,-0.005999749,-0.007384327,0.9999548
15.6025,5.957692,-0.005999845,-0.004717796,0.9999709
15.6025,5.957692,-0.005999911,0.0006153836,0.9999818
15.6025,5.957692,-0.00599988,0.003281919,0.9999766
15.6025,5.957692,-0.005999806,0.00594851,0.9999643
15.6025,5.957692,-0.005999689,0.008614849,0.9999449
15.6025,5.957692,-0.00599953,0.01128113,0.9999184
15.6025,5.957692,-0.005999329,0.01394717,0.9998847
15.6025,5.957692,-0.005999084,0.01661279,0.999844
15.6025,5.957692,-0.005998468,0.02194303,0.9997413
15.6025,5.957692,-0.005998095,0.02460754,0.9996792
15.6025,5.957692,-0.003331901,-0.02870598,0.9995824
15.6025,5.957692,-0.003332144,-0.02604227,0.9996552
15.6025,5.957692,-0.003332363,-0.02337813,0.9997212
15.6025,5.957692,-0.003332559,-0.02071336,0.9997799
15.6025,5.957692,-0.003332731,-0.01804828,0.9998316
15.6025,5.957692,-0.00333288,-0.01538268,0.9998761
15.6025,5.957692,-0.003333005,-0.01271689,0.9999136
15.6025,5.957692,-0.003333106,-0.0100507,0.9999439
15.6025,5.957692,-0.003333237,-0.004717855,0.9999834
15.6025,5.957692,-0.003333267,-0.002051317,0.9999923
15.6025,5.957692,-0.003333274,0.0006153913,0.9999943
15.6025,5.957692,-0.003333256,0.00328196,0.9999891
15.6025,5.957692,-0.003333215,0.005948585,0.9999768
15.6025,5.957692,-0.00333315,0.008614956,0.9999573
15.6025,5.957692,-0.003333062,0.01128127,0.9999309
15.6025,5.957692,-0.00333295,0.01394734,0.9998971
15.6025,5.957692,-0.003332655,0.01927842,0.9998086
15.6025,5.957692,-0.003332472,0.0219433,0.9997537
15.6025,5.957692,-0.003332265,0.02460784,0.9996916
15.6025,5.957692,-0.003332034,0.02727174,0.9996225
15.6025,5.957692,-0.0006662367,-0.03136912,0.9995077
15.6025,5.957692,-0.0006662901,-0.02870613,0.9995877
15.6025,5.957692,-0.0006663387,-0.02604241,0.9996606
15.6025,5.957692,-0.0006663827,-0.02337825,0.9997265
15.6025,5.957692,-0.0006664218,-0.02071347,0.9997852
15.6025,5.957692,-0.0006664562,-0.01804837,0.9998369
15.6025,5.957692,-0.0006664859,-0.01538277,0.9998814
15.6025,5.957692,-0.0006665109,-0.01271696,0.9999189
15.6025,5.957692,-0.0006665312,-0.01005075,0.9999493
15.6025,5.957692,-0.0006665466,-0.007384458,0.9999725
15.6025,5.957692,-0.0006665573,-0.00471788,0.9999886
15.6025,5.957692,-0.0006665634,-0.002051328,0.9999977
15.6025,5.957692,-0.0006665647,0.0006153946,0.9999996
15.6025,5.957692,-0.0006665612,0.003281977,0.9999944
15.6025,5.957692,-0.000666553,0.005948616,0.9999821
15.6025,5.957692,-0.0006665401,0.008615002,0.9999627
15.6025,5.957692,-0.0006665224,0.01128133,0.9999362
15.6025,5.957692,-0.0006665,0.01394742,0.9999025
15.6025,5.957692,-0.0006664728,0.01661308,0.9998618
15.6025,5.957692,-0.0006664409,0.01927852,0.9998139
15.6025,5.957692,-0.0006663629,0.02460798,0.999697
15.6025,5.957692,-0.0006663169,0.02727188,0.9996278
15.6025,5.957692,0.00199908,-0.02870608,0.9995859
15.6025,5.957692,0.001999226,-0.02604236,0.9996588
15.6025,5.957692,0.001999358,-0.02337821,0.9997247
15.6025,5.957692,0.001999579,-0.01804834,0.9998351
15.6025,5.957692,0.001999668,-0.01538274,0.9998797
15.6025,5.957692,0.001999743,-0.01271694,0.9999171
15.6025,5.957692,0.001999803,-0.01005073,0.9999475
15.6025,5.957692,0.00199985,-0.007384446,0.9999707
15.6025,5.957692,0.001999882,-0.004717872,0.9999869
15.6025,5.957692,0.0019999,-0.002051325,0.9999959
15.6025,5.957692,0.001999894,0.003281971,0.9999926
15.6025,5.957692,0.001999869,0.005948605,0.9999803
15.6025,5.957692,0.00199983,0.008614987,0.9999609
15.6025,5.957692,0.001999777,0.01128131,0.9999344
15.6025,5.957692,0.00199971,0.01394739,0.9999007
15.6025,5.957692,0.001999628,0.01661305,0.9998599
15.6025,5.957692,0.001999423,0.02194338,0.9997572
15.6025,5.957692,0.001999299,0.02460793,0.9996952
15.6025,5.957692,0.001999008,0.02993528,0.9995498
15.6025,5.957692,0.004664662,-0.02870583,0.999577
15.6025,5.957692,0.004665003,-0.02604213,0.99965
15.6025,5.957692,0.00466531,-0.023378,0.9997158
15.6025,5.957692,0.004665585,-0.02071325,0.9997746
15.6025,5.957692,0.004665826,-0.01804818,0.9998262
15.6025,5.957692,0.004666034,-0.0153826,0.9998708
15.6025,5.957692,0.004666208,-0.01271682,0.9999083
15.6025,5.957692,0.00466635,-0.01005064,0.9999386
15.6025,5.957692,0.004666458,-0.00738438,0.9999619
15.6025,5.957692,0.004666534,-0.00471783,0.999978
15.6025,5.957692,0.004666576,-0.002051306,0.999987
15.6025,5.957692,0.004666585,0.000615388,0.9999889
15.6025,5.957692,0.00466656,0.003281942,0.9999837
15.6025,5.957692,0.004666503,0.005948553,0.9999714
15.6025,5.957692,0.004666412,0.008614911,0.999952
15.6025,5.957692,0.004666289,0.01128121,0.9999255
15.6025,5.957692,0.004666132,0.01394727,0.9998919
15.6025,5.957692,0.004665941,0.01661291,0.9998511
15.6025,5.957692,0.004665172,0.02460771,0.9996863
15.6025,5.957692,0.00466485,0.02727159,0.9996172
15.6025,5.957692,0.007330145,-0.02870537,0.9995611
15.6025,5.957692,0.00733068,-0.02604171,0.999634
15.6025,5.957692,0.007331163,-0.02337763,0.9996998
15.6025,5.957692,0.007331594,-0.02071292,0.9997586
15.6025,5.957692,0.007331972,-0.01804789,0.9998103
15.6025,5.957692,0.007332299,-0.01538236,0.9998548
15.6025,5.957692,0.007332574,-0.01271662,0.9998922
15.6025,5.957692,0.007332796,-0.01005048,0.9999226
15.6025,5.957692,0.007332967,-0.007384261,0.9999458
15.6025,5.957692,0.007333085,-0.004717754,0.999962
15.6025,5.957692,0.007333152,-0.002051274,0.999971
15.6025,5.957692,0.007333166,0.0006153781,0.9999729
15.6025,5.957692,0.007333127,0.003281889,0.9999677
15.6025,5.957692,0.007333037,0.005948458,0.9999554
15.6025,5.957692,0.007332895,0.008614773,0.999936
15.6025,5.957692,0.0073327,0.01128103,0.9999095
15.6025,5.957692,0.007332454,0.01394705,0.9998758
15.6025,5.957692,0.007332155,0.01661264,0.9998351
15.6025,5.957692,0.007331401,0.02194283,0.9997323
15.6025,5.957692,0.0099962,-0.02604111,0.9996108
15.6025,5.957692,0.009997446,-0.02071244,0.9997355
15.6025,5.957692,0.009997964,-0.01804748,0.9997872
15.6025,5.957692,0.009998408,-0.015382,0.9998317
15.6025,5.957692,0.009998783,-0.01271632,0.9998691
15.6025,5.957692,0.009999087,-0.01005025,0.9998995
15.6025,5.957692,0.009999319,-0.007384091,0.9999228
15.6025,5.957692,0.00999948,-0.004717645,0.9999388
15.6025,5.957692,0.00999957,-0.002051226,0.9999478
15.6025,5.957692,0.00999959,0.0006153639,0.9999498
15.6025,5.957692,0.009999415,0.00594832,0.9999323
15.6025,5.957692,0.009999221,0.008614574,0.9999129
15.6025,5.957692,0.009998619,0.01394673,0.9998527
15.6025,5.957692,0.009998213,0.01661226,0.999812
15.6025,5.957692,0.009997734,0.01927756,0.9997642
15.6025,5.957692,0.009997184,0.02194233,0.9997092
15.6025,5.957692,0.009995872,0.02727052,0.9995781
15.6025,5.957692,0.009995111,0.02993385,0.9995019
15.6025,5.957692,0.01266125,-0.02604032,0.9995807
15.6025,5.957692,0.01266209,-0.02337638,0.9996465
15.6025,5.957692,0.01266283,-0.02071181,0.9997053
15.6025,5.957692,0.01266349,-0.01804693,0.9997569
15.6025,5.957692,0.01266405,-0.01538154,0.9998015
15.6025,5.957692,0.01266452,-0.01271594,0.9998389
15.6025,5.957692,0.01266491,-0.01004995,0.9998693
15.6025,5.957692,0.0126652,-0.007383868,0.9998925
15.6025,5.957692,0.01266541,-0.004717503,0.9999086
15.6025,5.957692,0.01266552,-0.002051164,0.9999177
15.6025,5.957692,0.01266555,0.0006153454,0.9999197
15.6025,5.957692,0.01266548,0.003281714,0.9999143
15.6025,5.957692,0.01266532,0.00594814,0.9999021
15.6025,5.957692,0.01266432,0.0139463,0.9998225
15.6025,5.957692,0.0126625,0.02194166,0.9996791
15.6025,5.957692,0.01532629,-0.02603935,0.9995435
15.6025,5.957692,0.0153282,-0.02071104,0.999668
15.6025,5.957692,0.01532899,-0.01804626,0.9997196
15.6025,5.957692,0.01532968,-0.01538096,0.9997642
15.6025,5.957692,0.01533025,-0.01271547,0.9998016
15.6025,5.957692,0.01533072,-0.01004957,0.9998319
15.6025,5.957692,0.01533107,-0.007383592,0.9998552
15.6025,5.957692,0.01533146,-0.002051088,0.9998804
15.6025,5.957692,0.01533149,0.0006153223,0.9998823
15.6025,5.957692,0.01533141,0.003281592,0.999877
15.6025,5.957692,0.01533051,0.01128001,0.9998189
15.6025,5.957692,0.01532937,0.01661113,0.9997445
15.6025,5.957692,0.0153278,0.02194085,0.9996418
15.6025,5.957692,0.017991,-0.0260382,0.9994991
15.6025,5.957692,0.01799219,-0.02337447,0.9995649
15.6025,5.957692,0.01799325,-0.02071012,0.9996236
15.6025,5.957692,0.01799498,-0.01538028,0.9997197
15.6025,5.957692,0.01799565,-0.0127149,0.9997572
15.6025,5.957692,0.0179962,-0.01004913,0.9997876
15.6025,5.957692,0.01799661,-0.007383264,0.9998108
15.6025,5.957692,0.01799707,-0.002050996,0.9998359
15.6025,5.957692,0.01799701,0.003281446,0.9998327
15.6025,5.957692,0.01799679,0.005947654,0.9998204
15.6025,5.957692,0.01799536,0.01394516,0.9997408
15.6025,5.957692,0.01799277,0.02193987,0.9995974
15.6025,5.957692,0.02066067,-0.01271425,0.9997057
15.6025,5.957692,0.02066211,-0.004716874,0.9997754
15.6025,5.957692,0.02066233,0.0006152633,0.9997863
15.6025,5.957692,0.02066223,0.003281277,0.9997811
15.6025,5.957692,0.02066197,0.005947348,0.9997688
15.6025,5.957692,0.02066157,0.008613165,0.9997494
15.6025,5.957692,0.02066102,0.01127893,0.999723
15.6025,5.957692,0.02065949,0.01660954,0.9996486
15.6025,5.957692,0.02065736,0.02193874,0.9995459
15.6025,5.957692,0.02332307,-0.01804347,0.9995651
15.6025,5.957692,0.02332411,-0.01537858,0.9996096
15.6025,5.957692,0.02332569,-0.01004802,0.9996774
15.6025,5.957692,0.02332624,-0.007382451,0.9997007
15.6025,5.957692,0.02332661,-0.004716597,0.9997168
15.6025,5.957692,0.02332646,0.005946999,0.9997102
15.6025,5.957692,0.02332601,0.00861266,0.9996908
15.6025,5.957692,0.02332539,0.01127826,0.9996643
15.6025,5.957692,0.02332366,0.01660857,0.99959
15.6025,5.957692,0.02598809,-0.01537757,0.999544
15.6025,5.957692,0.02599046,-0.007381965,0.9996349
15.6025,5.957692,0.02599103,0.003280869,0.9996568
15.6025,5.957692,0.02599071,0.005946608,0.9996445
15.6025,5.957692,0.02598864,0.01394271,0.999565
15.6025,5.957692,0.02865346,-0.01004663,0.999539
15.6025,5.957692,0.02865412,-0.007381428,0.9995621
15.6025,5.957692,0.02865484,-0.002050486,0.9995872
15.6025,5.957692,0.02865384,0.008611467,0.9995523
15.6025,5.957692,0.02865212,0.0139417,0.9994922
15.6025,5.957692,0.03131718,-0.007380838,0.9994822
15.6025,5.957692,0.03131797,-0.002050322,0.9995074
15.6025,5.957692,0.03131787,0.003280368,0.9995041
15.6025,5.957692,0.03131688,0.008610778,0.9994724
15.8588,5.959,0.0003198184,-0.02372668,0.9997184
15.8588,5.959,0.005652574,-0.01573111,0.9998603
15.8588,5.959,0.005652526,0.01626425,0.9998518
15.8588,5.959,0.008316906,-0.02638986,0.9996172
15.8588,5.959,0.008317959,-0.02106123,0.9997436
15.8588,5.959,0.008319094,-0.01306514,0.99988
15.8588,5.959,0.008319354,-0.01039906,0.9999113
15.8588,5.959,0.01098126,-0.02905267,0.9995176
15.8588,5.959,0.01098281,-0.02372525,0.9996582
15.8588,5.959,0.01098404,-0.01839581,0.9997705
15.8588,5.959,0.01098454,-0.01573041,0.9998159
15.8588,5.959,0.01098496,-0.0130648,0.9998543
15.8588,5.959,0.01098557,-0.007732681,0.9999097
15.8588,5.959,0.01098553,0.008265824,0.9999055
15.8588,5.959,0.01098192,0.02692193,0.9995773
15.8588,5.959,0.01364971,-0.01839521,0.9997376
15.8588,5.959,0.01365033,-0.01572989,0.9997831
15.8588,5.959,0.01365128,-0.01039845,0.9998527
15.8588,5.959,0.01365196,0.002932991,0.9999025
15.8588,5.959,0.01631217,-0.02638726,0.9995187
15.8588,5.959,0.01631325,-0.02372352,0.9995854
15.8588,5.959,0.01631423,-0.02105916,0.9996451
15.8588,5.959,0.01631509,-0.01839447,0.9996976
15.8588,5.959,0.01631583,-0.01572927,0.9997432
15.8588,5.959,0.01631736,-0.007732118,0.9998369
15.8588,5.959,0.01631764,-0.005065912,0.999854
15.8588,5.959,0.0163178,-0.002399724,0.999864
15.8588,5.959,0.01631778,0.002932874,0.9998626
15.8588,5.959,0.01631759,0.005599171,0.9998512
15.8588,5.959,0.01631729,0.008265222,0.9998327
15.8588,5.959,0.01631634,0.01359699,0.9997744
15.8588,5.959,0.01631492,0.01892748,0.9996877
15.8588,5.959,0.01631305,0.02425635,0.9995727
15.8588,5.959,0.01897912,-0.02105817,0.9995981
15.8588,5.959,0.01898011,-0.01839361,0.9996507
15.8588,5.959,0.01898098,-0.01572853,0.9996961
15.8588,5.959,0.0189823,-0.01039754,0.9997658
15.8588,5.959,0.01898276,-0.007731755,0.9997899
15.8588,5.959,0.01898327,-0.002399612,0.999817
15.8588,5.959,0.01898303,0.005598908,0.9998041
15.8588,5.959,0.0216463,-0.01306253,0.9996803
15.8588,5.959,0.0216475,-0.007731336,0.9997358
15.8588,5.959,0.02164814,0.0002666143,0.9997656
15.8588,5.959,0.02164781,0.005598605,0.99975
15.8588,5.959,0.02164741,0.008264386,0.9997315
15.8588,5.959,0.02164685,0.01093012,0.9997059
15.8588,5.959,0.02430865,-0.01839149,0.9995353
15.8588,5.959,0.02430975,-0.01572671,0.9995807
15.8588,5.959,0.02431069,-0.01306173,0.9996191
15.8588,5.959,0.02431203,-0.007730862,0.9996745
15.8588,5.959,0.02431245,-0.005065089,0.9996915
15.8588,5.959,0.02431266,0.002932398,0.9997001
15.8588,5.959,0.02431193,0.008263879,0.9996703
15.8588,5.959,0.02430955,0.0162597,0.9995722
15.8588,5.959,0.02697352,-0.01572564,0.9995125
15.8588,5.959,0.02697605,-0.007730334,0.9996061
15.8588,5.959,0.02697651,-0.005064743,0.9996232
15.8588,5.959,0.02697674,0.002932197,0.9996318
15.8588,5.959,0.02697593,0.008263314,0.9996019
15.8588,5.959,0.02963999,-0.00506436,0.9995478
15.8588,5.959,0.02964029,-0.002398989,0.9995577
15.8588,5.959,0.02964037,0.0002665597,0.9995606
15.8588,5.959,0.02963991,0.005597456,0.9995449
15.60674,6.211957,-0.02845218,0.002143998,0.9995928
15.60674,6.211957,-0.0257884,0.002144153,0.9996651
15.60674,6.211957,-0.02578635,0.01280634,0.9995854
15.60674,6.211957,-0.02045788,0.01280792,0.9997087
15.60674,6.211957,-0.02045711,0.01547316,0.999671
15.60674,6.211957,-0.02045619,0.0181382,0.9996262
15.60674,6.211957,-0.02045513,0.02080273,0.9995744
15.60674,6.211957,-0.01779284,0.01280858,0.9997597
15.60674,6.211957,-0.01779137,0.01813913,0.9996772
15.60674,6.211957,-0.01512741,0.01280914,0.9998035
15.60674,6.211957,-0.01512684,0.01547463,0.9997658
15.60674,6.211957,-0.01512538,0.0208047,0.9996691
15.60674,6.211957,-0.01512349,0.02613299,0.9995441
15.60674,6.211957,-0.01246167,0.01280961,0.9998403
15.60674,6.211957,-0.01245925,0.02347002,0.9996469
15.60674,6.211957,-0.01245843,0.02613395,0.9995808
15.60674,6.211957,-0.009796209,0.01014392,0.9999006
15.60674,6.211957,-0.009795909,0.01280999,0.9998699
15.60674,6.211957,-0.009795539,0.01547566,0.9998323
15.60674,6.211957,-0.009794014,0.02347072,0.9996765
15.60674,6.211957,-0.007130191,0.004811422,0.999963
15.60674,6.211957,-0.007129688,0.01281028,0.9998925
15.60674,6.211957,-0.00712873,0.02080655,0.9997581
15.60674,6.211957,-0.007128309,0.02347125,0.9996991
15.60674,6.211957,-0.007127838,0.02613532,0.999633
15.60674,6.211957,-0.00446366,-0.003188408,0.9999849
15.60674,6.211957,-0.004463453,0.0101443,0.9999386
15.60674,6.211957,-0.004463317,0.01281048,0.999908
15.60674,6.211957,-0.004462948,0.01814182,0.9998254
15.60674,6.211957,-0.004462453,0.02347161,0.9997146
15.60674,6.211957,-0.004462158,0.02613572,0.9996485
15.60674,6.211957,-0.001796976,0.004811536,0.9999868
15.60674,6.211957,-0.001796849,0.01281058,0.9999163
15.60674,6.211957,-0.001796782,0.01547638,0.9998786
15.60674,6.211957,-0.001796701,0.01814197,0.9998338
15.60674,6.211957,-0.001796383,0.02613594,0.9996568
15.60674,6.211957,0.0008694491,0.007477988,0.9999716
15.60674,6.211957,0.0008692851,0.02080707,0.9997831
15.60674,6.211957,0.0008692339,0.02347183,0.9997241
15.60674,6.211957,0.0008691764,0.02613597,0.999658
15.60674,6.211957,0.003536118,-0.00585492,0.9999766
15.60674,6.211957,0.003535597,0.01814188,0.9998292
15.60674,6.211957,0.003534971,0.02613582,0.9996521
15.60674,6.211957,0.003534712,0.02879951,0.999579
15.60674,6.211957,0.003534429,0.03146246,0.9994987
15.60674,6.211957,0.006202809,-0.0005217188,0.9999806
15.60674,6.211957,0.006202637,0.007477847,0.9999529
15.60674,6.211957,0.006202491,0.01014421,0.9999293
15.60674,6.211957,0.006202301,0.01281036,0.9998987
15.60674,6.211957,0.006201467,0.02080668,0.9997643
15.60674,6.211957,0.006200691,0.02613548,0.9996392
15.60674,6.211957,0.006200237,0.02879914,0.999566
15.60674,6.211957,0.008867849,0.01814128,0.9997961
15.60674,6.211957,0.008867388,0.02080626,0.9997442
15.60674,6.211957,0.01153442,0.01280975,0.9998515
15.60674,6.211957,0.01153287,0.02080569,0.9997171
15.60674,6.211957,0.01153218,0.02347028,0.999658
15.60674,6.211957,0.01153142,0.02613424,0.9995919
15.60674,6.211957,0.01419973,0.01547484,0.9997794
15.60674,6.211957,0.01419909,0.01814017,0.9997346
15.60674,6.211957,0.01419835,0.02080498,0.9996827
15.60674,6.211957,0.01419751,0.02346948,0.9996238
15.60674,6.211957,0.01686516,0.0154742,0.999738
15.60674,6.211957,0.01686441,0.01813942,0.9996933
15.60674,6.211957,0.01953158,0.01014247,0.9997578
15.60674,6.211957,0.01952836,0.02080311,0.9995928
15.60674,6.211957,0.02219617,0.01014191,0.9997022
15.60674,6.211957,0.02219251,0.02080195,0.9995372
15.60674,6.211957,0.02752355,0.01280575,0.9995391
15.60674,6.211957,0.03018836,0.007474583,0.9995162
15.86077,6.210385,0.01045995,0.01322895,0.9998578
15.86077,6.210385,0.02378801,0.002563312,0.9997137
