23.24,0.36,-0.01865915,-0.02132477,0.9995985
23.24,0.36,-0.01599327,-0.02399002,0.9995843
23.24,0.36,-0.01599423,-0.02132575,0.9996446
23.24,0.36,-0.01332817,-0.02399096,0.9996233
23.49692,0.36,-0.0151722,-0.02665412,0.9995295
23.49692,0.36,-0.01517323,-0.02399033,0.999597
23.49692,0.36,-0.01250626,-0.02931843,0.9994919
23.49692,0.36,-0.01250804,-0.02399121,0.9996339
23.49692,0.36,-0.009841689,-0.0293193,0.9995217
23.49692,0.36,-0.009842423,-0.0266559,0.9995962
23.49692,0.36,-0.009843087,-0.02399193,0.9996637
23.49692,0.36,-0.009843681,-0.02132745,0.9997241
23.49692,0.36,-0.007176934,-0.0266565,0.9996189
23.49692,0.36,-0.007177419,-0.02399247,0.9996864
23.49692,0.36,-0.004510957,-0.02932042,0.9995599
23.49692,0.36,-0.001845267,-0.03198358,0.9994867
23.49692,0.36,-0.001845418,-0.02932067,0.9995683
23.49692,0.36,-0.001845556,-0.02665715,0.999643
23.49692,0.36,0.0008202764,-0.02399308,0.9997118
23.49692,0.36,0.0008203259,-0.02132847,0.9997722
23.75125,0.35725,0.002332434,-0.02858823,0.9995885
23.75125,0.35725,0.002332757,-0.0232603,0.9997267
23.75125,0.35725,0.004997617,-0.03125101,0.9994991
23.75125,0.35725,0.004998016,-0.02858795,0.9995788
23.75125,0.35725,0.004998707,-0.02326008,0.9997169
23.75125,0.35725,0.007664048,-0.02592386,0.9996346
23.75125,0.35725,0.00766455,-0.02325968,0.9997001
23.75125,0.35725,0.01032955,-0.02592324,0.9996105
23.75125,0.35725,0.01033023,-0.02325913,0.9996761
23.75125,0.35725,0.01299433,-0.02592243,0.9995795
23.75125,0.35725,0.01299518,-0.0232584,0.9996451
23.75125,0.35725,0.01299594,-0.02059389,0.9997035
23.75125,0.35725,0.01832522,-0.02325646,0.9995615
23.75125,0.35725,0.01832628,-0.02059217,0.99962
23.2396,0.6164,-0.02921218,-0.01236711,0.9994967
23.2396,0.6164,-0.02921369,-0.007036828,0.9995484
23.2396,0.6164,-0.02654877,-0.01236803,0.999571
23.2396,0.6164,-0.02654955,-0.009702792,0.9996005
23.2396,0.6164,-0.02655014,-0.007037351,0.9996228
23.2396,0.6164,-0.02388167,-0.02036329,0.9995074
23.2396,0.6164,-0.02388288,-0.01769884,0.9995581
23.2396,0.6164,-0.02388549,-0.009703444,0.9996676
23.2396,0.6164,-0.02388603,-0.007037824,0.9996899
23.2396,0.6164,-0.02121492,-0.0256924,0.9994448
23.2396,0.6164,-0.0212163,-0.02302871,0.9995096
23.2396,0.6164,-0.02121753,-0.02036452,0.9995674
23.2396,0.6164,-0.0212186,-0.0176999,0.9996182
23.2396,0.6164,-0.02121953,-0.01503491,0.9996618
23.2396,0.6164,-0.02122093,-0.009704028,0.9997277
23.2396,0.6164,-0.01855294,-0.0203656,0.9996204
23.2396,0.6164,-0.01855388,-0.01770084,0.9996712
23.2396,0.6164,-0.01855469,-0.01503571,0.9997148
23.2396,0.6164,-0.01855632,-0.007038621,0.9998031
23.2396,0.6164,-0.01588945,-0.0150364,0.9997607
23.2396,0.6164,-0.0158905,-0.009704988,0.9998267
23.2396,0.6164,-0.01589085,-0.007038943,0.999849
23.2396,0.6164,-0.01589109,-0.004372733,0.9998642
23.2396,0.6164,-0.01589122,-0.001706445,0.9998723
23.2396,0.6164,-0.01322387,-0.01503698,0.9997995
23.2396,0.6164,-0.01322474,-0.009705365,0.9998654
23.2396,0.6164,-0.01322504,-0.007039217,0.9998878
23.49571,0.6119047,-0.01751995,-0.01117219,0.9997841
23.49571,0.6119047,-0.01485263,-0.01916896,0.9997059
23.49571,0.6119047,-0.01485334,-0.01650386,0.9997535
23.49571,0.6119047,-0.01485394,-0.01383842,0.9997939
23.49571,0.6119047,-0.01485443,-0.01117267,0.9998272
23.49571,0.6119047,-0.01218646,-0.02183445,0.9996874
23.49571,0.6119047,-0.01218713,-0.01916965,0.9997419
23.49571,0.6119047,-0.01218771,-0.01650446,0.9997895
23.49571,0.6119047,-0.0121882,-0.01383892,0.9998299
23.49571,0.6119047,-0.01218893,-0.008507001,0.9998895
23.49571,0.6119047,-0.009521872,-0.0191702,0.9997709
23.49571,0.6119047,-0.009522324,-0.01650494,0.9998184
23.49571,0.6119047,-0.009522709,-0.01383932,0.9998589
23.49571,0.6119047,-0.009523027,-0.0111734,0.9998922
23.49571,0.6119047,-0.009523276,-0.008507247,0.9999185
23.49571,0.6119047,-0.009523459,-0.005840912,0.9999376
23.49571,0.6119047,-0.006855905,-0.01917062,0.9997927
23.49571,0.6119047,-0.006856509,-0.01383962,0.9998807
23.49571,0.6119047,-0.006856737,-0.01117365,0.9999141
23.49571,0.6119047,-0.006857048,-0.00584104,0.9999594
23.49571,0.6119047,-0.004189563,-0.02183588,0.9997528
23.49571,0.6119047,-0.004189792,-0.01917091,0.9998075
23.49571,0.6119047,-0.004189991,-0.01650554,0.999855
23.49571,0.6119047,-0.00419016,-0.01383982,0.9998955
23.49571,0.6119047,-0.0041903,-0.01117381,0.9999288
23.49571,0.6119047,-0.00419041,-0.008507559,0.9999551
23.49571,0.6119047,-0.001523505,-0.02183604,0.9997604
23.49571,0.6119047,-0.001523589,-0.01917105,0.999815
23.49571,0.6119047,-0.001523661,-0.01650567,0.9998626
23.49571,0.6119047,-0.001523723,-0.01383993,0.999903
23.49571,0.6119047,-0.001523774,-0.01117389,0.9999363
23.49571,0.6119047,0.001142584,-0.02183606,0.9997609
23.49571,0.6119047,0.001142646,-0.01917106,0.9998155
23.49571,0.6119047,0.001142701,-0.01650567,0.9998631
23.49571,0.6119047,0.001142747,-0.01383993,0.9999036
23.49571,0.6119047,0.001142785,-0.0111739,0.9999369
23.49571,0.6119047,0.003809038,-0.01650557,0.9998565
23.49571,0.6119047,0.003809192,-0.01383984,0.9998969
23.49571,0.6119047,0.003809419,-0.008507572,0.9999565
23.74978,0.61,5.924578e-05,-0.02132849,0.9997725
23.74978,0.61,0.002725628,-0.01599789,0.9998683
23.74978,0.61,0.002725889,-0.007999718,0.9999643
23.74978,0.61,0.002725938,-0.005333244,0.9999821
23.74978,0.61,0.002725967,-0.002666641,0.9999927
23.74978,0.61,0.00539141,-0.02132818,0.9997579
23.74978,0.61,0.005391946,-0.01599772,0.9998575
23.74978,0.61,0.005392157,-0.01333195,0.9998966
23.74978,0.61,0.005392329,-0.01066591,0.9999285
23.74978,0.61,0.00539256,-0.005333187,0.9999713
23.74978,0.61,0.005392617,-0.002666612,0.9999819
23.74978,0.61,0.008057347,-0.0213278,0.99974
23.74978,0.61,0.008057777,-0.0186628,0.9997934
23.74978,0.61,0.008058149,-0.01599743,0.9998395
23.74978,0.61,0.008058464,-0.01333171,0.9998786
23.74978,0.61,0.008058722,-0.01066571,0.9999106
23.74978,0.61,0.01072368,-0.01866234,0.9997683
23.74978,0.61,0.01072418,-0.01599703,0.9998145
23.74978,0.61,0.0107246,-0.01333138,0.9998536
23.74978,0.61,0.01072494,-0.01066545,0.9998856
23.74978,0.61,0.01072521,-0.007999288,0.9999105
23.74978,0.61,0.0107254,-0.005332957,0.9999283
23.74978,0.61,0.01338886,-0.01866174,0.9997362
23.74978,0.61,0.01338947,-0.01599651,0.9997824
23.74978,0.61,0.01339,-0.01333095,0.9998215
23.74978,0.61,0.01339043,-0.01066511,0.9998535
23.74978,0.61,0.01339076,-0.007999032,0.9998784
23.74978,0.61,0.013391,-0.005332786,0.9998961
23.74978,0.61,0.0160534,-0.02132574,0.9996437
23.74978,0.61,0.01605425,-0.018661,0.999697
23.74978,0.61,0.01605499,-0.01599589,0.9997432
23.74978,0.61,0.01605562,-0.01333043,0.9997822
23.74978,0.61,0.01605613,-0.01066469,0.9998142
23.74978,0.61,0.01605653,-0.007998717,0.9998391
23.74978,0.61,0.01605682,-0.005332577,0.9998568
23.74978,0.61,0.0187183,-0.02132475,0.9995973
23.74978,0.61,0.0187193,-0.01866014,0.9996507
23.74978,0.61,0.01872017,-0.01599515,0.9996969
23.74978,0.61,0.0187209,-0.01332981,0.9997359
23.74978,0.61,0.0187215,-0.01066419,0.9997678
23.74978,0.61,0.01872196,-0.007998346,0.9997928
23.74978,0.61,0.0187223,-0.00533233,0.9998105
24.00146,0.6163636,0.01827279,-0.01769124,0.9996765
24.00146,0.6163636,0.02093756,-0.01769032,0.9996243
24.00146,0.6163636,0.02093848,-0.01502531,0.9996678
24.00146,0.6163636,0.02093986,-0.009694393,0.9997337
24.00146,0.6163636,0.02360069,-0.02035374,0.9995142
24.00146,0.6163636,0.02360378,-0.01235925,0.999645
24.00146,0.6163636,0.02360447,-0.009693817,0.9996744
24.00146,0.6163636,0.023605,-0.007028177,0.9996966
24.00146,0.6163636,0.02626571,-0.01768809,0.9994985
24.00146,0.6163636,0.02626685,-0.01502342,0.9995421
24.00146,0.6163636,0.02626859,-0.009693173,0.9996079
24.00146,0.6163636,0.02626917,-0.00702771,0.9996302
24.00146,0.6163636,0.02893129,-0.01235752,0.999505
24.00146,0.6163636,0.02893278,-0.007027193,0.9995567
24.00146,0.6163636,0.02893322,-0.004361762,0.9995719
23.2435,0.87025,-0.03291481,0.005263736,0.9994443
23.2435,0.87025,-0.03025292,-0.002732068,0.9995386
23.2435,0.87025,-0.03025294,0.0025988,0.9995389
23.2435,0.87025,-0.03025262,0.005264179,0.9995284
23.2435,0.87025,-0.02758876,-0.008063341,0.9995868
23.2435,0.87025,-0.02758925,-0.005397859,0.9996048
23.2435,0.87025,-0.02758955,-0.002732279,0.9996156
23.2435,0.87025,-0.02758966,-6.664002e-05,0.9996193
23.2435,0.87025,-0.02758956,0.002599,0.999616
23.2435,0.87025,-0.02758927,0.005264585,0.9996055
23.2435,0.87025,-0.02758879,0.007930057,0.9995879
23.2435,0.87025,-0.02758811,0.01059538,0.9995632
23.2435,0.87025,-0.02758723,0.01326045,0.9995314
23.2435,0.87025,-0.0249256,-0.00273247,0.9996856
23.2435,0.87025,-0.02492569,-6.664469e-05,0.9996893
23.2435,0.87025,-0.0249256,0.002599182,0.9996859
23.2435,0.87025,-0.02492534,0.005264954,0.9996755
23.2435,0.87025,-0.02492429,0.01059612,0.9996331
23.2435,0.87025,-0.0249235,0.01326138,0.9996014
23.2435,0.87025,-0.02492253,0.01592636,0.9995625
23.2435,0.87025,-0.02226119,-6.664888e-05,0.9997522
23.2435,0.87025,-0.02226111,0.002599346,0.9997488
23.2435,0.87025,-0.02226088,0.005265285,0.9997383
23.2435,0.87025,-0.02225994,0.01059678,0.9996961
23.2435,0.87025,-0.01959622,-6.66526e-05,0.999808
23.2435,0.87025,-0.01959595,0.005265579,0.9997941
23.2435,0.87025,-0.0195956,0.007931554,0.9997765
23.2435,0.87025,-0.01693058,-0.005399141,0.9998421
23.2435,0.87025,-0.01693076,-0.002732927,0.999853
23.2435,0.87025,-0.01693082,-6.665584e-05,0.9998567
23.2435,0.87025,-0.01693077,0.002599617,0.9998533
23.2435,0.87025,-0.01693059,0.005265835,0.9998428
23.2435,0.87025,-0.01693029,0.00793194,0.9998252
23.2435,0.87025,-0.01692987,0.01059789,0.9998005
23.2435,0.87025,-0.01426461,-0.008065591,0.9998658
23.2435,0.87025,-0.01426502,-0.002733041,0.9998946
23.2435,0.87025,-0.01426503,0.002599725,0.9998949
23.2435,0.87025,-0.01426427,0.01059833,0.9998421
23.48925,0.867,-0.01579778,-0.004532715,0.9998649
23.48925,0.867,-0.01579734,0.008798555,0.9998365
23.48925,0.867,-0.01313204,-0.001866499,0.999912
23.48925,0.867,-0.01313205,0.000799932,0.9999134
23.48925,0.867,-0.01313198,0.003466346,0.9999077
23.48925,0.867,-0.0131312,0.01146493,0.9998481
23.48925,0.867,-0.01046562,-0.007199426,0.9999194
23.48925,0.867,-0.01046578,-0.004533032,0.999935
23.48925,0.867,-0.01046583,0.003466455,0.9999392
23.48925,0.867,-0.01046549,0.008799172,0.9999065
23.48925,0.867,-0.0104652,0.01146529,0.9998795
23.48925,0.867,-0.007800004,0.0007999766,0.9999692
23.48925,0.867,-0.00779996,0.003466539,0.9999636
23.48925,0.867,-0.007799705,0.008799386,0.9999309
23.48925,0.867,-0.007799228,0.0141315,0.9998698
23.48925,0.867,-0.00513344,-0.001866635,0.999985
23.48925,0.867,-0.002466756,-0.004533267,0.9999866
23.48925,0.867,-0.002466777,-0.001866654,0.9999952
23.48925,0.867,-0.00246678,0.0007999985,0.9999966
23.48925,0.867,-0.002466766,0.003466634,0.999991
23.48925,0.867,-0.002466735,0.006133195,0.9999782
23.48925,0.867,-0.002466619,0.01146589,0.9999312
23.48925,0.867,0.0001999386,-0.001866659,0.9999982
23.48925,0.867,0.0001999389,0.000800001,0.9999997
23.48925,0.867,0.0001999378,0.003466645,0.999994
23.48925,0.867,0.0001999352,0.006133214,0.9999812
23.48925,0.867,0.0001999312,0.008799654,0.9999613
23.48925,0.867,0.000199919,0.01413193,0.9999001
23.48925,0.867,0.002866626,-0.004533262,0.9999856
23.48925,0.867,0.00286665,-0.001866652,0.9999942
23.48925,0.867,0.002866654,0.0007999977,0.9999955
23.48925,0.867,0.002866638,0.00346663,0.9999899
23.48925,0.867,0.002866601,0.006133188,0.9999771
23.48925,0.867,0.00286625,0.01679756,0.9998548
23.48925,0.867,0.005533252,-0.004533211,0.9999744
23.48925,0.867,0.0055333,-0.001866631,0.999983
23.48925,0.867,0.005533308,0.0007999887,0.9999844
23.48925,0.867,0.005533095,0.008799518,0.9999459
23.74605,0.8710526,0.001052614,-0.005613937,0.9999837
23.74605,0.8710526,0.003719275,-0.005613902,0.9999773
23.74605,0.8710526,0.003719286,0.005052528,0.9999803
23.74605,0.8710526,0.003719133,0.01038534,0.9999391
23.74605,0.8710526,0.003719017,0.01305143,0.999908
23.74605,0.8710526,0.006385856,-0.005613826,0.9999638
23.74605,0.8710526,0.006385956,-0.0002806947,0.9999796
23.74605,0.8710526,0.006385939,0.002385908,0.9999768
23.74605,0.8710526,0.006385875,0.00505246,0.9999668
23.74605,0.8710526,0.006385766,0.007718904,0.9999498
23.74605,0.8710526,0.006385612,0.0103852,0.9999257
23.74605,0.8710526,0.009052405,-0.002947231,0.9999547
23.74605,0.8710526,0.009052444,-0.000280689,0.999959
23.74605,0.8710526,0.009052418,0.002385859,0.9999562
23.74605,0.8710526,0.009051956,0.01038499,0.9999051
23.74605,0.8710526,0.009051673,0.01305099,0.9998739
23.74605,0.8710526,0.01171874,-0.0002806812,0.9999313
23.74605,0.8710526,0.0117187,0.002385793,0.9999285
23.74605,0.8710526,0.01171839,0.007718531,0.9999015
23.74605,0.8710526,0.01171811,0.0103847,0.9998775
23.74605,0.8710526,0.01171774,0.01305063,0.9998462
23.74605,0.8710526,0.01438405,-0.00561336,0.9998808
23.74605,0.8710526,0.01438421,-0.002947047,0.9998922
23.74605,0.8710526,0.01438423,0.00238571,0.9998937
23.74605,0.8710526,0.01438409,0.00505204,0.9998838
23.74605,0.8710526,0.01438385,0.007718263,0.9998668
23.74605,0.8710526,0.01438305,0.01305017,0.9998114
23.74605,0.8710526,0.01705001,-0.0002806596,0.9998546
23.74605,0.8710526,0.01704996,0.00238561,0.9998518
23.74605,0.8710526,0.01704979,0.005051829,0.9998419
23.74605,0.8710526,0.0170495,0.00771794,0.9998249
23.74605,0.8710526,0.01971471,-0.008278816,0.9997714
23.74605,0.8710526,0.0197153,-0.002946779,0.9998013
23.74605,0.8710526,0.01971538,-0.0002806459,0.9998056
23.74605,0.8710526,0.01971533,0.002385493,0.9998028
23.74605,0.8710526,0.02237999,-0.005612534,0.9997338
23.74605,0.8710526,0.02238027,0.002385359,0.9997467
23.74605,0.8710526,0.02238005,0.005051298,0.9997368
23.74605,0.8710526,0.02504474,0.002385209,0.9996835
24.00583,0.8725,0.01977315,-0.008664654,0.999767
24.00583,0.8725,0.01977389,-0.0006665349,0.9998043
24.00583,0.8725,0.01977368,0.004665699,0.9997936
24.00583,0.8725,0.02243871,-0.003332471,0.9997426
24.00583,0.8725,0.02243859,0.004665437,0.9997374
24.00583,0.8725,0.02243823,0.007331283,0.9997213
24.00583,0.8725,0.02243703,0.01266247,0.9996681
24.00583,0.8725,0.02510329,-0.0006664551,0.9996846
24.00583,0.8725,0.02510325,0.001999364,0.9996828
24.00583,0.8725,0.02510303,0.004665141,0.999674
24.00583,0.8725,0.02510262,0.007330819,0.999658
24.00583,0.8725,0.02510204,0.009996356,0.9996349
24.00583,0.8725,0.02776707,-0.003332026,0.9996088
24.00583,0.8725,0.02776722,-0.0006664082,0.9996142
24.00583,0.8725,0.02776717,0.001999223,0.9996124
24.00583,0.8725,0.02776693,0.004664813,0.9996036
24.00583,0.8725,0.02776648,0.007330302,0.9995875
24.00583,0.8725,0.03043056,-0.0006663565,0.9995367
24.00583,0.8725,0.03043051,0.001999069,0.9995349
23.24093,1.125,-0.02690206,0.01199478,0.9995661
23.24093,1.125,-0.02423815,0.0119956,0.9996343
23.24093,1.125,-0.02157371,0.01199633,0.9996953
23.24093,1.125,-0.02157203,0.01732671,0.9996172
23.24093,1.125,-0.02156973,0.02265558,0.9995106
23.24093,1.125,-0.01890814,0.01466245,0.9997137
23.24093,1.125,-0.01890734,0.01732765,0.9996711
23.24093,1.125,-0.01890532,0.02265681,0.9995645
23.24093,1.125,-0.01624294,0.01466314,0.9997606
23.24093,1.125,-0.01624225,0.01732846,0.9997179
23.24093,1.125,-0.01624144,0.01999338,0.9996682
23.24093,1.125,-0.01624052,0.02265787,0.9996114
23.24093,1.125,-0.01357681,0.01732915,0.9997576
23.24093,1.125,-0.01357614,0.01999417,0.9997079
23.49667,1.120333,-0.01777389,0.01057551,0.9997861
23.49667,1.120333,-0.01777333,0.01324118,0.9997543
23.49667,1.120333,-0.01510792,0.01324176,0.9997982
23.49667,1.120333,-0.01510733,0.01590727,0.9997594
23.49667,1.120333,-0.01510493,0.02390156,0.9996002
23.49667,1.120333,-0.01510391,0.02656537,0.999533
23.49667,1.120333,-0.01244219,0.01324225,0.9998349
23.49667,1.120333,-0.0124417,0.01590785,0.999796
23.49667,1.120333,-0.01244113,0.01857315,0.9997501
23.49667,1.120333,-0.01244047,0.02123802,0.999697
23.49667,1.120333,-0.01243972,0.02390244,0.9996369
23.49667,1.120333,-0.01243889,0.02656635,0.9995697
23.49667,1.120333,-0.009776697,0.01324264,0.9998645
23.49667,1.120333,-0.009774761,0.02390315,0.9996665
23.49667,1.120333,-0.00710951,0.02123913,0.9997491
23.49667,1.120333,-0.007109082,0.02390368,0.999689
23.49667,1.120333,-0.007108604,0.02656773,0.9996217
23.49667,1.120333,-0.007108076,0.02923121,0.9995474
23.49667,1.120333,-0.004444133,0.01324314,0.9999024
23.49667,1.120333,-0.004443755,0.0185744,0.9998176
23.49667,1.120333,-0.004443252,0.02390405,0.9997044
23.49667,1.120333,-0.004442623,0.02923166,0.9995628
23.49667,1.120333,-0.004442261,0.03189456,0.9994813
23.49667,1.120333,-0.00177768,0.01324325,0.9999108
23.49667,1.120333,-0.001777611,0.01590906,0.9998719
23.49667,1.120333,-0.001777435,0.02123963,0.9997728
23.49667,1.120333,-0.001777076,0.02923191,0.9995711
23.49667,1.120333,-0.001776931,0.03189483,0.9994897
23.49667,1.120333,0.0008888106,0.01324327,0.9999119
23.49667,1.120333,0.000888688,0.02123966,0.999774
23.49667,1.120333,0.0008886345,0.02390428,0.9997138
23.49667,1.120333,0.0008885748,0.02656839,0.9996465
23.49667,1.120333,0.0008885087,0.02923194,0.9995722
23.49667,1.120333,0.003555282,0.01324319,0.999906
23.49667,1.120333,0.003554981,0.01857447,0.9998211
23.49667,1.120333,0.003554792,0.02123953,0.9997681
23.49667,1.120333,0.003554075,0.02923177,0.9995663
23.74897,1.117692,0.002939814,0.01661301,0.9998577
23.74897,1.117692,0.002939673,0.0192784,0.9998098
23.74897,1.117692,0.002939511,0.02194335,0.9997549
23.74897,1.117692,0.002939329,0.02460784,0.9996929
23.74897,1.117692,0.002939126,0.02727179,0.9996238
23.74897,1.117692,0.002938902,0.02993517,0.9995475
23.74897,1.117692,0.005606326,0.01394713,0.999887
23.74897,1.117692,0.005606098,0.01661282,0.9998463
23.74897,1.117692,0.005605829,0.01927818,0.9997984
23.74897,1.117692,0.005605522,0.0219431,0.9997435
23.74897,1.117692,0.005604786,0.02727148,0.9996123
23.74897,1.117692,0.005603892,0.03259754,0.9994529
23.74897,1.117692,0.008272599,0.01394687,0.9998685
23.74897,1.117692,0.008272262,0.01661251,0.9998278
23.74897,1.117692,0.008271866,0.01927782,0.9997799
23.74897,1.117692,0.008271413,0.0219427,0.999725
23.74897,1.117692,0.008270899,0.0246071,0.9996629
23.74897,1.117692,0.008270327,0.02727098,0.9995939
23.74897,1.117692,0.008269696,0.02993428,0.9995177
23.74897,1.117692,0.008269008,0.03259694,0.9994344
23.74897,1.117692,0.0109387,0.01394652,0.9998429
23.74897,1.117692,0.01093825,0.01661208,0.9998022
23.74897,1.117692,0.01093713,0.02194213,0.9996994
23.74897,1.117692,0.01093569,0.02727028,0.9995683
23.74897,1.117692,0.01093486,0.02993351,0.999492
23.74897,1.117692,0.01360405,0.01394606,0.9998102
23.74897,1.117692,0.0136035,0.01661154,0.9997694
23.74897,1.117692,0.01360285,0.0192767,0.9997216
23.74897,1.117692,0.0136021,0.02194142,0.9996667
23.74897,1.117692,0.01360125,0.02460567,0.9996047
23.74897,1.117692,0.01360031,0.02726939,0.9995356
23.74897,1.117692,0.01626896,0.01661088,0.9997297
23.74897,1.117692,0.01626818,0.01927593,0.9996818
23.74897,1.117692,0.01626729,0.02194054,0.9996269
23.74897,1.117692,0.01893485,0.01394485,0.9997234
23.74897,1.117692,0.01893408,0.0166101,0.9996828
23.74897,1.117692,0.01893214,0.02193951,0.99958
23.74897,1.117692,0.01893096,0.02460353,0.999518
23.74897,1.117692,0.02159658,0.02193833,0.9995261
23.74897,1.117692,0.02159524,0.0246022,0.999464
24.00342,1.121053,0.01774758,0.02104467,0.999621
24.00342,1.121053,0.02041225,0.02104359,0.9995701
24.00342,1.121053,0.02307964,0.01304803,0.9996485
24.00342,1.121053,0.02307876,0.01571316,0.9996102
24.00342,1.121053,0.02307771,0.01837798,0.9995648
24.00342,1.121053,0.02574277,0.01571213,0.9995451
24.00342,1.121053,0.0257416,0.01837678,0.9994997
24.00342,1.121053,0.02840733,0.01304624,0.9995113
24.00342,1.121053,0.02840624,0.015711,0.999473
