21.96567,1.378,-0.02017052,-0.01812668,0.9996322
21.96567,1.378,-0.01483877,-0.02345763,0.9996147
21.96567,1.378,-0.01484041,-0.01812837,0.9997255
21.96567,1.378,-0.01217422,-0.02079397,0.9997097
21.96567,1.378,-0.009506659,-0.02878677,0.9995404
21.96567,1.378,-0.009507982,-0.02345916,0.9996796
21.96567,1.378,-0.009509036,-0.01812955,0.9997904
21.96567,1.378,-0.006841806,-0.02612381,0.9996353
21.96567,1.378,-0.006843017,-0.01812994,0.9998122
22.22,1.37946,-0.007995547,-0.03183869,0.9994611
22.22,1.37946,-0.007996196,-0.02917584,0.9995423
22.22,1.37946,-0.00799679,-0.02651236,0.9996165
22.22,1.37946,-0.00799823,-0.01851877,0.9997965
22.22,1.37946,-0.005330784,-0.02917635,0.9995601
22.22,1.37946,-0.005331538,-0.02384874,0.9997014
22.22,1.37946,-0.005331858,-0.02118415,0.9997614
22.22,1.37946,-0.002665766,-0.02917667,0.9995707
22.22,1.37946,-0.002666143,-0.023849,0.999712
22.22,1.37946,-0.002666303,-0.02118437,0.9997721
22.22,1.37946,-1.830275e-07,-0.02917677,0.9995742
22.22,1.37946,-1.830411e-07,-0.02651321,0.9996485
22.22,1.37946,-1.830534e-07,-0.02384908,0.9997156
22.22,1.37946,-1.830741e-07,-0.01851936,0.9998285
22.22,1.37946,0.002665598,-0.02651311,0.9996449
22.22,1.37946,0.002665937,-0.02118437,0.9997721
22.22,1.37946,0.005330492,-0.03183926,0.9994788
22.22,1.37946,0.005330926,-0.02917635,0.9995601
22.22,1.37946,0.005331322,-0.02651283,0.9996343
22.22,1.37946,0.00533168,-0.02384874,0.9997014
22.22,1.37946,0.005332526,-0.01585362,0.9998601
22.22,1.37946,0.007996338,-0.02917584,0.9995423
22.22,1.37946,0.007996932,-0.02651236,0.9996165
22.22,1.37946,0.007997469,-0.02384832,0.9996836
22.22,1.37946,0.007997949,-0.02118377,0.9997436
22.22,1.37946,0.01066158,-0.02917511,0.9995175
22.22,1.37946,0.01066373,-0.02118324,0.9997187
22.22,1.37946,0.01066429,-0.01851831,0.9997716
22.22,1.37946,0.01332848,-0.02384696,0.9996268
22.47489,1.379362,0.009358069,-0.02648601,0.9996054
22.47489,1.379362,0.01202251,-0.02914863,0.9995028
22.47489,1.379362,0.01202421,-0.02382131,0.9996439
22.47489,1.379362,0.01202493,-0.02115687,0.9997038
22.47489,1.379362,0.01202556,-0.01849197,0.9997567
22.47489,1.379362,0.01468848,-0.02648431,0.9995413
22.47489,1.379362,0.01468946,-0.02382046,0.9996083
22.47489,1.379362,0.01469034,-0.02115611,0.9996682
22.47489,1.379362,0.01469112,-0.01849131,0.9997211
22.47489,1.379362,0.01735716,-0.01582541,0.9997241
22.47489,1.379362,0.02002073,-0.0184896,0.9996286
22.47489,1.379362,0.02002164,-0.01582462,0.9996743
21.7121,1.626842,-0.02988124,-0.001823742,0.9995518
21.97037,1.628704,-0.02941834,-0.007650778,0.9995379
21.97037,1.628704,-0.02941883,-0.00498543,0.9995548
21.97037,1.628704,-0.02941912,-0.002319976,0.9995645
21.97037,1.628704,-0.02941919,0.0003455281,0.9995671
21.97037,1.628704,-0.02941872,0.005676456,0.999551
21.97037,1.628704,-0.02675235,-0.01564679,0.9995196
21.97037,1.628704,-0.02675337,-0.0129819,0.9995577
21.97037,1.628704,-0.0267542,-0.01031673,0.9995888
21.97037,1.628704,-0.02675529,-0.004985803,0.9996296
21.97037,1.628704,-0.02675562,0.0003455539,0.999642
21.97037,1.628704,-0.0267555,0.00301125,0.9996375
21.97037,1.628704,-0.0267552,0.005676881,0.9996259
21.97037,1.628704,-0.02408795,-0.01831261,0.9995421
21.97037,1.628704,-0.02408996,-0.01298278,0.9996254
21.97037,1.628704,-0.02409071,-0.01031743,0.9996566
21.97037,1.628704,-0.02409129,-0.007651869,0.9996805
21.97037,1.628704,-0.02409169,-0.004986141,0.9996973
21.97037,1.628704,-0.02409193,-0.002320307,0.999707
21.97037,1.628704,-0.02409199,0.0003455774,0.9997097
21.97037,1.628704,-0.02409188,0.003011454,0.9997052
21.97037,1.628704,-0.02409161,0.005677266,0.9996936
21.97037,1.628704,-0.02142375,-0.01831372,0.9996027
21.97037,1.628704,-0.02142553,-0.01298357,0.9996861
21.97037,1.628704,-0.0214262,-0.01031806,0.9997172
21.97037,1.628704,-0.02142671,-0.007652333,0.9997411
21.97037,1.628704,-0.02142707,-0.004986444,0.9997579
21.97037,1.628704,-0.02142734,0.0003455984,0.9997703
21.97037,1.628704,-0.01875908,-0.01831471,0.9996563
21.97037,1.628704,-0.01875993,-0.01564963,0.9997015
21.97037,1.628704,-0.01876065,-0.01298426,0.9997397
21.97037,1.628704,-0.01876123,-0.01031861,0.9997707
21.97037,1.628704,-0.01876168,-0.007652743,0.9997947
21.97037,1.628704,-0.018762,-0.00498671,0.9998115
21.97037,1.628704,-0.01876218,-0.002320572,0.9998213
21.97037,1.628704,-0.01876223,0.0003456169,0.9998239
21.97037,1.628704,-0.01609402,-0.01831556,0.9997028
21.97037,1.628704,-0.01609475,-0.01565036,0.999748
21.97037,1.628704,-0.01609536,-0.01298487,0.9997862
21.97037,1.628704,-0.01609586,-0.01031909,0.9998173
21.97037,1.628704,-0.01609625,-0.007653099,0.9998412
21.97037,1.628704,-0.01609652,-0.004986943,0.999858
21.97037,1.628704,-0.01609668,-0.00232068,0.9998678
21.97037,1.628704,-0.01609672,0.0003456329,0.9998704
21.97037,1.628704,-0.01342973,-0.01298538,0.9998255
21.97037,1.628704,-0.01343015,-0.0103195,0.9998566
21.97037,1.628704,-0.0134307,-0.004987139,0.9998974
21.97037,1.628704,-0.01343083,-0.002320771,0.9999071
21.97037,1.628704,-0.01343087,0.0003456465,0.9999097
21.97037,1.628704,-0.01076292,-0.01831687,0.9997743
21.97037,1.628704,-0.01076341,-0.01565148,0.9998196
21.97037,1.628704,-0.01076382,-0.01298579,0.9998577
21.97037,1.628704,-0.01076415,-0.01031983,0.9998888
21.97037,1.628704,-0.01076459,-0.004987299,0.9999296
21.97037,1.628704,-0.0107647,-0.002320846,0.9999393
21.97037,1.628704,-0.008096999,-0.01831733,0.9997994
21.97037,1.628704,-0.00809812,-0.007653839,0.9999379
21.97037,1.628704,-0.008098257,-0.004987425,0.9999548
22.22138,1.631379,-0.008365865,-0.01903038,0.9997839
22.22138,1.631379,-0.008366595,-0.01369937,0.9998711
22.22138,1.631379,-0.008366872,-0.01103342,0.9999042
22.22138,1.631379,-0.008367088,-0.008367224,0.99993
22.22138,1.631379,-0.008367342,-0.003034361,0.9999604
22.22138,1.631379,-0.00570009,-0.01636534,0.9998499
22.22138,1.631379,-0.005700318,-0.01369963,0.9998899
22.22138,1.631379,-0.005700654,-0.008367381,0.9999487
22.22138,1.631379,-0.005700761,-0.00570096,0.9999675
22.22138,1.631379,-0.005700827,-0.003034418,0.9999791
22.22138,1.631379,-0.005700853,-0.0003678114,0.9999837
22.22138,1.631379,-0.005700838,0.002298804,0.9999811
22.22138,1.631379,-0.003034163,-0.01903096,0.9998143
22.22138,1.631379,-0.003034306,-0.01636554,0.9998615
22.22138,1.631379,-0.003034428,-0.01369979,0.9999015
22.22138,1.631379,-0.003034663,-0.005701026,0.9999791
22.22138,1.631379,-0.003034699,-0.003034453,0.9999908
22.22138,1.631379,-0.003034713,-0.0003678156,0.9999953
22.22138,1.631379,-0.003034705,0.00229883,0.9999927
22.22138,1.631379,-0.0003679325,-0.01903105,0.9998189
22.22138,1.631379,-0.0003679499,-0.01636561,0.999866
22.22138,1.631379,-0.0003679646,-0.01369985,0.9999061
22.22138,1.631379,-0.0003679768,-0.0110338,0.9999391
22.22138,1.631379,-0.0003679975,-0.003034467,0.9999953
22.22138,1.631379,-0.0003679982,0.002298841,0.9999973
22.22138,1.631379,0.002298415,-0.01636557,0.9998634
22.22138,1.631379,0.002298507,-0.01369982,0.9999035
22.22138,1.631379,0.002298583,-0.01103377,0.9999365
22.22138,1.631379,0.002298685,-0.005701038,0.9999811
22.22138,1.631379,0.002298722,-0.0003678164,0.9999973
22.22138,1.631379,0.00496473,-0.01636541,0.9998537
22.22138,1.631379,0.004964929,-0.01369968,0.9998938
22.22138,1.631379,0.004965093,-0.01103367,0.9999268
22.22138,1.631379,0.004965221,-0.008367414,0.9999526
22.22138,1.631379,0.004965314,-0.005700983,0.9999714
22.22138,1.631379,0.004965395,-0.0003678128,0.9999876
22.22138,1.631379,0.004965382,0.002298812,0.999985
22.22138,1.631379,0.00763094,-0.01636513,0.9998369
22.22138,1.631379,0.007631497,-0.01103348,0.9999101
22.22138,1.631379,0.007631694,-0.008367273,0.9999359
22.22138,1.631379,0.007631837,-0.005700887,0.9999546
22.22138,1.631379,0.007631926,-0.003034379,0.9999663
22.22138,1.631379,0.007631961,-0.0003678066,0.9999708
22.22138,1.631379,0.01029699,-0.01636474,0.9998131
22.22138,1.631379,0.0102974,-0.01369913,0.9998531
22.22138,1.631379,0.01029774,-0.01103322,0.9998862
22.22138,1.631379,0.01029832,-0.003034306,0.9999424
22.22138,1.631379,0.01029836,-0.0003677979,0.9999469
22.22138,1.631379,0.01029834,0.002298719,0.9999443
22.22138,1.631379,0.01296333,-0.0136987,0.9998221
22.22138,1.631379,0.01296376,-0.01103288,0.9998551
22.22138,1.631379,0.0129641,-0.008366814,0.999881
22.22138,1.631379,0.01296449,-0.003034212,0.9999113
22.22138,1.631379,0.01296455,-0.0003677864,0.9999159
22.47676,1.630882,0.01152725,-0.01623206,0.9998018
22.47676,1.630882,0.01152808,-0.01090058,0.9998741
22.47676,1.630882,0.01152838,-0.008234461,0.9998996
22.47676,1.630882,0.01152859,-0.005568167,0.999918
22.47676,1.630882,0.01152872,-0.002901754,0.9999294
22.47676,1.630882,0.01152877,-0.0002352797,0.9999335
22.47676,1.630882,0.01152873,0.0024312,0.9999306
22.47676,1.630882,0.0141923,-0.0188967,0.9997207
22.47676,1.630882,0.01419296,-0.01623151,0.9997675
22.47676,1.630882,0.01419352,-0.013566,0.9998072
22.47676,1.630882,0.01419399,-0.01090021,0.9998398
22.47676,1.630882,0.01419461,-0.005567976,0.9998837
22.47676,1.630882,0.01419477,-0.002901655,0.999895
22.47676,1.630882,0.01685904,-0.01356544,0.9997658
22.47676,1.630882,0.01686002,-0.008233838,0.999824
22.47676,1.630882,0.01686033,-0.005567746,0.9998423
22.47676,1.630882,0.01686052,-0.002901535,0.9998537
22.47676,1.630882,0.01686054,0.002431016,0.9998549
22.47676,1.630882,0.01952291,-0.01623005,0.9996777
22.47676,1.630882,0.01952432,-0.01089923,0.99975
22.47676,1.630882,0.01952482,-0.008233439,0.9997755
22.47676,1.630882,0.01952518,-0.005567476,0.9997939
22.47676,1.630882,0.01952548,-0.0002352505,0.9998093
22.47676,1.630882,0.01952543,0.002430898,0.9998064
22.47676,1.630882,0.02218755,-0.01622915,0.9996221
22.47676,1.630882,0.02218843,-0.01356403,0.9996618
22.47676,1.630882,0.02218915,-0.01089862,0.9996944
22.47676,1.630882,0.02219047,-0.0002352374,0.9997538
22.47676,1.630882,0.02485055,-0.01889277,0.9995127
22.47676,1.630882,0.02485171,-0.01622813,0.9995594
22.47676,1.630882,0.02485269,-0.01356318,0.9995991
22.47676,1.630882,0.02485351,-0.01089794,0.9996317
22.47676,1.630882,0.0248546,-0.005566817,0.9996756
22.47676,1.630882,0.02485498,-0.0002352227,0.9996911
22.47676,1.630882,0.02485466,0.005096392,0.9996781
22.47676,1.630882,0.02751534,-0.01622699,0.9994897
22.47676,1.630882,0.02751643,-0.01356223,0.9995294
22.47676,1.630882,0.02751733,-0.01089718,0.999562
22.47676,1.630882,0.02751854,-0.005566428,0.9996058
22.47676,1.630882,0.02751897,-0.0002352063,0.9996213
22.47676,1.630882,0.02751889,0.002430441,0.9996184
22.47676,1.630882,0.03018057,-0.01089634,0.999485
22.47676,1.630882,0.03018134,-0.008231257,0.9995106
22.47676,1.630882,0.03018189,-0.005566,0.9995289
22.47676,1.630882,0.03018223,-0.002900625,0.9995402
22.47676,1.630882,0.03018227,0.002430254,0.9995415
22.47676,1.630882,0.03018197,0.005095644,0.9995314
22.47676,1.630882,0.03284461,-0.005565532,0.999445
22.72758,1.63303,-0.03399979,-0.006137744,0.999403
21.97,1.89,-0.02932045,0.002665504,0.9995665
21.97,1.89,-0.02932014,0.005330956,0.9995558
21.97,1.89,-0.02931962,0.007996294,0.9995381
21.97,1.89,-0.02931889,0.01066146,0.9995133
21.97,1.89,-0.02665696,-3.813342e-09,0.9996446
21.97,1.89,-0.02665687,0.002665703,0.9996411
21.97,1.89,-0.02665659,0.005331353,0.9996305
21.97,1.89,-0.02665612,0.00799689,0.9996127
21.97,1.89,-0.02665545,0.01066226,0.9995878
21.97,1.89,-0.02399323,0.002665883,0.9997086
21.97,1.89,-0.02399297,0.005331713,0.9996979
21.97,1.89,-0.02399118,0.01332833,0.9996233
21.97,1.89,-0.02398914,0.01865805,0.9995381
21.97,1.89,-0.02132864,-3.81383e-09,0.9997725
21.97,1.89,-0.02132857,0.002666044,0.999769
21.97,1.89,-0.02132796,0.007997912,0.9997405
21.97,1.89,-0.02132743,0.01066362,0.9997157
21.97,1.89,-0.02132675,0.01332913,0.9996837
21.97,1.89,-0.02132591,0.01599433,0.9996446
21.97,1.89,-0.02132493,0.01865918,0.9995985
21.97,1.89,-0.02132379,0.02132364,0.9995452
21.97,1.89,-0.01866352,-3.814033e-09,0.9998258
21.97,1.89,-0.01866345,0.002666187,0.9998223
21.97,1.89,-0.01866245,0.01066419,0.999769
21.97,1.89,-0.01866186,0.01332984,0.999737
21.97,1.89,-0.01866113,0.01599518,0.9996979
21.97,1.89,-0.01866027,0.01866017,0.9996517
21.97,1.89,-0.01865927,0.02132477,0.9995985
21.97,1.89,-0.01599799,-3.814209e-09,0.999872
21.97,1.89,-0.01599794,0.00266631,0.9998685
21.97,1.89,-0.01599777,0.005332566,0.9998578
21.97,1.89,-0.01599708,0.01066468,0.9998152
21.97,1.89,-0.01599595,0.01599592,0.9997441
21.97,1.89,-0.01599521,0.01866104,0.9996979
21.97,1.89,-0.01599339,0.02399003,0.9995843
21.97,1.89,-0.01333208,0.002666414,0.9999076
21.97,1.89,-0.01333194,0.005332774,0.9998969
21.97,1.89,-0.0133317,0.007999022,0.9998792
21.97,1.89,-0.01333137,0.0106651,0.9998542
21.97,1.89,-0.01333094,0.01333098,0.9998223
21.97,1.89,-0.01333042,0.01599654,0.9997832
21.97,1.89,-0.01332981,0.01866177,0.999737
21.97,1.89,-0.0133291,0.02132659,0.9996837
21.97,1.89,-0.01332829,0.02399096,0.9996233
21.97,1.89,-0.01066598,-3.81448e-09,0.9999431
21.97,1.89,-0.01066583,0.005332945,0.999929
21.97,1.89,-0.01066564,0.007999278,0.9999111
21.97,1.89,-0.01066537,0.01066544,0.9998863
21.97,1.89,-0.01066503,0.0133314,0.9998542
21.97,1.89,-0.01066461,0.01599705,0.9998152
21.97,1.89,-0.01066355,0.02132728,0.9997157
21.97,1.89,-0.007999602,-3.814575e-09,0.999968
21.97,1.89,-0.007999574,0.002666566,0.9999645
21.97,1.89,-0.007999488,0.005333078,0.9999538
21.97,1.89,-0.007998891,0.01333174,0.9998792
22.22156,1.885937,-0.01108181,0.01174845,0.9998695
22.22156,1.885937,-0.01107979,0.02240967,0.9996875
22.22156,1.885937,-0.008416167,0.003749834,0.9999575
22.22156,1.885937,-0.008416053,0.006416298,0.999944
22.22156,1.885937,-0.008415645,0.01174876,0.9998956
22.22156,1.885937,-0.008415353,0.01441467,0.9998607
22.22156,1.885937,-0.00841358,0.02507456,0.9996502
22.22156,1.885937,-0.005749661,0.003749905,0.9999764
22.22156,1.885937,-0.005749583,0.00641642,0.9999629
22.22156,1.885937,-0.005749464,0.009082797,0.9999422
22.22156,1.885937,-0.005749104,0.01441495,0.9998796
22.22156,1.885937,-0.005748862,0.01708057,0.9998376
22.22156,1.885937,-0.00574858,0.01974583,0.9997885
22.22156,1.885937,-0.005748258,0.02241068,0.9997323
22.22156,1.885937,-0.003083499,0.006416495,0.9999747
22.22156,1.885937,-0.00308335,0.01174912,0.9999263
22.22156,1.885937,-0.003083243,0.01441512,0.9998913
22.22156,1.885937,-0.003082962,0.01974607,0.9998003
22.22156,1.885937,-0.0004168468,0.003749967,0.9999929
22.22156,1.885937,-0.0004168325,0.009082946,0.9999587
22.22156,1.885937,-0.000416821,0.01174917,0.9999309
22.22156,1.885937,-0.0004168064,0.01441518,0.999896
22.22156,1.885937,-0.0004167685,0.01974616,0.9998049
22.22156,1.885937,-0.000416745,0.02241104,0.9997488
22.22156,1.885937,0.002249856,0.003749958,0.9999905
22.22156,1.885937,0.002249826,0.006416509,0.9999769
22.22156,1.885937,0.002249639,0.01441515,0.9998936
22.22156,1.885937,0.002249544,0.01708081,0.9998516
22.22156,1.885937,0.002249434,0.01974611,0.9998025
22.22156,1.885937,0.002249307,0.02241099,0.9997463
22.22156,1.885937,0.004916512,0.003749922,0.9999809
22.22156,1.885937,0.004916445,0.006416448,0.9999673
22.22156,1.885937,0.004916343,0.009082837,0.9999467
22.22156,1.885937,0.004916207,0.01174903,0.9999189
22.22156,1.885937,0.004916036,0.01441501,0.9998841
22.22156,1.885937,0.004915829,0.01708065,0.999842
22.22156,1.885937,0.004915588,0.01974592,0.999793
22.22156,1.885937,0.004915312,0.02241077,0.9997368
22.22156,1.885937,0.004915,0.02507515,0.9996735
22.22156,1.885937,0.007582959,0.006416341,0.9999506
22.22156,1.885937,0.007582327,0.01441477,0.9998673
22.22156,1.885937,0.007582009,0.01708036,0.9998254
22.22156,1.885937,0.007581637,0.01974559,0.9997762
22.22156,1.885937,0.007581211,0.0224104,0.9997201
22.22156,1.885937,0.01024945,0.00374977,0.9999405
22.22156,1.885937,0.0102491,0.00908247,0.9999062
22.22156,1.885937,0.01024803,0.01707996,0.9998016
22.22156,1.885937,0.01024752,0.01974512,0.9997525
22.22156,1.885937,0.0102463,0.02507414,0.9996331
22.22156,1.885937,0.01291562,0.003749654,0.9999095
22.22156,1.885937,0.01291482,0.01174819,0.9998476
22.22156,1.885937,0.01291383,0.01707943,0.9997707
22.22156,1.885937,0.01291319,0.01974451,0.9997216
22.22156,1.885937,0.01557859,0.01974376,0.9996837
22.48,1.89,0.01066584,0.007999278,0.9999111
22.48,1.89,0.01066558,0.01066544,0.9998863
22.48,1.89,0.01066523,0.0133314,0.9998542
22.48,1.89,0.01066376,0.02132728,0.9997157
22.48,1.89,0.01333233,-3.814359e-09,0.9999111
22.48,1.89,0.01333214,0.005332774,0.9998969
22.48,1.89,0.01333191,0.007999022,0.9998792
22.48,1.89,0.01333115,0.01333098,0.9998223
22.48,1.89,0.01333063,0.01599654,0.9997832
22.48,1.89,0.01333001,0.01866177,0.999737
22.48,1.89,0.0133293,0.02132659,0.9996837
22.48,1.89,0.01599797,0.005332566,0.9998578
22.48,1.89,0.01599768,0.007998709,0.99984
22.48,1.89,0.01599677,0.01333046,0.9997832
22.48,1.89,0.01599541,0.01866104,0.9996979
22.48,1.89,0.01599456,0.02132576,0.9996446
22.48,1.89,0.01599359,0.02399003,0.9995843
22.48,1.89,0.01866295,0.00533232,0.9998116
22.48,1.89,0.01866262,0.007998339,0.9997939
22.48,1.89,0.01866215,0.01066419,0.999769
22.48,1.89,0.01866082,0.01599518,0.9996979
22.48,1.89,0.01865897,0.02132477,0.9995985
22.48,1.89,0.01865784,0.02398892,0.9995381
22.48,1.89,0.02132834,-3.81383e-09,0.9997725
22.48,1.89,0.02132826,0.002666044,0.999769
22.48,1.89,0.02132804,0.005332035,0.9997584
22.48,1.89,0.02132766,0.007997912,0.9997405
22.48,1.89,0.02132713,0.01066362,0.9997157
22.48,1.89,0.02132645,0.01332913,0.9996837
22.48,1.89,0.02132561,0.01599433,0.9996446
22.48,1.89,0.02132463,0.01865918,0.9995985
22.48,1.89,0.02399301,-3.813599e-09,0.9997121
22.48,1.89,0.02399267,0.005331713,0.9996979
22.48,1.89,0.02399224,0.00799743,0.9996802
22.48,1.89,0.02399165,0.01066298,0.9996552
22.48,1.89,0.02399088,0.01332833,0.9996233
22.48,1.89,0.02398994,0.01599336,0.9995843
22.48,1.89,0.02398883,0.01865805,0.9995381
22.48,1.89,0.02665707,0.002665703,0.9996411
22.48,1.89,0.02665632,0.00799689,0.9996127
22.48,1.89,0.02665566,0.01066226,0.9995878
22.48,1.89,0.02931982,0.007996293,0.9995381
21.96406,2.139375,-0.01441188,0.02149281,0.9996651
21.96406,2.139375,-0.014411,0.02415711,0.9996042
21.96406,2.139375,-0.01441002,0.0268209,0.9995364
21.96406,2.139375,-0.01174645,0.02149356,0.9997
21.96406,2.139375,-0.01174574,0.02415795,0.9996392
21.96406,2.139375,-0.009080227,0.02415862,0.9996669
21.96406,2.139375,-0.00641452,0.02415912,0.9996876
21.96406,2.139375,-0.006414084,0.02682313,0.9996196
21.96406,2.139375,-0.006413602,0.02948656,0.9995446
22.22057,2.137143,-0.008149469,0.0247535,0.9996604
22.22057,2.137143,-0.008148903,0.02741735,0.9995909
22.22057,2.137143,-0.005483747,0.02475395,0.9996786
22.22057,2.137143,-0.005483366,0.02741785,0.999609
22.22057,2.137143,-0.005482946,0.03008117,0.9995324
22.22057,2.137143,-0.002818221,0.02741815,0.9996201
22.22057,2.137143,-0.002818005,0.0300815,0.9995435
22.22057,2.137143,-0.0001525067,0.02741826,0.999624
22.22057,2.137143,-0.000152495,0.03008162,0.9995474
22.22057,2.137143,0.002513542,0.02208978,0.9997528
22.22057,2.137143,0.002513385,0.02475424,0.9996904
22.22057,2.137143,0.005178477,0.03008121,0.9995341
22.22057,2.137143,0.007844428,0.02741742,0.9995933
22.22057,2.137143,0.007843826,0.03008069,0.9995167
22.22057,2.137143,0.0105112,0.02208863,0.9997008
22.22057,2.137143,0.01051054,0.02475295,0.9996384
22.22057,2.137143,0.01050981,0.02741675,0.9995688
22.22057,2.137143,0.01317671,0.02208794,0.9996692
22.22057,2.137143,0.01583986,0.02741482,0.9994986
22.47462,2.140385,0.009432212,0.02655356,0.9996029
22.47462,2.140385,0.01476359,0.02388802,0.9996056
22.47462,2.140385,0.0147626,0.02655184,0.9995384
